9572 9886
113719 114042
136918 138436
138486 138563
138694 141594
164062 164119
240406 240482
398462 398537
477349 477406
508454 508531
561295 561381
797966 798043
798047 798124
827437 827514
830257 830333
920870 920947
920960 921037
1054563 1054640
1120311 1120388
1203708 1203795
1288175 1288230
1291820 1291906
1329515 1329572
1374434 1374489
1374522 1374577
1387258 1387379
1413402 1413457
1611698 1611775
1747767 1747843
1844702 1844779
1878576 1878652
10908 10963
77660 77737
77745 77821
297262 297339
325145 325222
334011 334067
337811 337898
337963 338038
361204 361280
361387 361464
552326 552381
556163 556240
581204 581261
875369 875456
937367 937444
1287293 1287370
1287377 1287452
1345452 1345506
1388094 1388171
1397119 1397193
1397210 1397296
1397342 1397418
1443610 1443697
1463365 1463441
1464134 1464211
1464214 1464290
1533052 1533128
1534697 1534784
1537064 1537150
1550936 1550992
1557775 1557852
1557865 1557985
1666208 1666263
1798389 1798444
1831274 1831351
1849443 1849498
5308 6300
6464 7951
8054 8548
8538 9230
9572 9886
9916 10905
11810 12613
14581 15354
16236 17498
17498 19339
19339 23130
23182 23814
23795 24502
32207 32998
39735 40019
39995 40270
41109 42077
42064 42855
55848 56570
62786 64441
70838 71470
73872 74774
74780 76492
79613 80317
80328 81500
81513 82406
82448 83155
85467 86486
86559 87308
87301 88335
93640 94050
94057 95562
95567 96568
96627 97550
97598 98419
103332 104030
104017 104208
104205 105386
107145 107582
107676 108590
108722 109468
109478 110243
110283 111437
111416 112537
112570 113157
113144 113713
113719 114042
117115 118179
118242 118709
125631 126665
129706 130731
131060 132394
133314 134513
134510 135022
135637 136581
136918 138436
138486 138563
138694 141594
141849 143318
143324 143890
144607 146178
146184 147086
147810 148781
148852 149451
150678 151595
151648 152568
152568 153731
153721 154650
154652 155266
158092 158706
158703 159494
160982 162310
164062 164119
170595 171968
171965 173227
173278 173844
174556 175761
178150 178653
178650 179810
179807 180805
182599 183489
183486 185003
185009 185701
185794 186105
186107 188098
188100 188579
188614 189210
189217 190329
190326 190637
190644 193685
193691 195079
195110 195754
195786 197000
201035 203524
203712 204761
204772 206196
206207 207166
207177 208184
208196 208702
208695 209264
209332 209571
209577 210248
210357 212471
219318 220427
220424 221932
221929 222756
222845 224077
224091 225470
225439 226260
228005 228619
231034 231846
234645 234929
234934 235125
235633 236852
236943 237632
237626 238285
238269 238451
238448 239236
239893 240377
240406 240482
242646 243224
243233 243538
243538 244101
244161 245558
250877 251719
254985 255350
255759 256070
257146 257634
257646 258203
258235 258687
259043 260239
265619 265921
265918 267048
272118 272636
274108 275295
277123 278250
278344 278610
278656 281400
281979 283928
285056 285757
285783 286922
293174 293815
293850 294125
294806 296263
296416 297234
297558 301754
302436 304310
314195 314617
314674 315144
315141 315401
315361 316047
316044 316595
318794 319789
324065 325084
330225 331277
331274 332116
332150 334012
335118 336095
338238 338678
338773 339378
339395 339928
339945 340940
340937 341320
341307 342230
353954 354922
367052 367855
370134 372029
372068 373060
373064 373978
373975 374949
374942 375907
375904 376881
376900 379218
380352 381266
385611 386894
387045 387554
387603 388580
388629 389822
391838 392566
392615 393535
393570 393923
393960 394295
394252 395244
395249 395575
395581 396306
396310 396648
397700 398401
398462 398537
398596 399753
399753 400157
400111 401364
401435 402160
403941 404501
416244 417014
417025 417267
417264 419495
421177 421662
432443 432961
432964 433728
433790 434908
434901 435413
435498 435947
439838 440842
440866 441687
442034 442189
442205 442522
443269 444636
448319 448645
451299 451526
458228 459493
464844 465722
469587 470699
470710 471042
474638 476242
476258 476839
476787 477350
477349 477406
484614 484982
487405 488067
491481 492863
496589 497362
503315 504169
505347 505724
505821 506618
508454 508531
508590 510569
510566 513748
513832 517476
517689 518483
526101 526284
526371 526565
531918 532442
535571 536374
536364 536783
536770 537714
537725 538948
538942 539355
542786 542974
542993 544219
544265 545041
545022 545363
547843 549216
549209 551149
551152 551790
558415 559286
559431 560165
560366 561253
561295 561381
561410 562615
562627 562899
566642 566869
566870 567973
568021 568720
568724 568903
570148 570597
570884 571873
574633 575520
575611 577932
578968 579471
579528 580229
580237 581202
590873 591298
592552 594519
594596 594823
594811 595212
596299 597150
597147 597848
597845 598537
598798 599799
605418 606017
606010 606624
617887 619035
620502 621560
621557 622444
622480 622998
625693 626160
628148 629350
629376 630041
630051 631178
631168 631545
631872 633017
634042 635169
635224 635622
635673 636092
636089 636814
636827 637303
638313 638639
638636 639486
641065 642424
642417 642713
642719 643387
657364 658026
658148 658447
661581 661931
661966 662433
664685 665872
666025 666549
666751 667128
667119 668231
668273 668512
670683 670877
672062 672844
672937 673128
673193 674155
674186 674494
678575 679507
681560 681763
681821 683389
683400 683756
683759 684193
684200 685402
685459 685710
690118 690789
691384 692061
692283 692699
699079 699579
699650 700021
700711 702081
702693 703868
703870 705210
705212 705523
705602 705922
705937 706533
707219 707740
713237 714241
714350 714814
715679 716515
716903 717427
718003 718746
718782 719006
720416 720985
721320 722156
722255 722839
722875 723267
723271 723645
723739 723957
724074 724715
724719 725885
725943 726857
728151 728354
733209 733343
734123 734482
734598 735339
736025 738424
738440 738742
738843 739367
739644 739886
743091 743900
745739 746326
752343 753044
753633 753950
753911 754933
764538 764936
765630 765860
765933 766259
766285 766518
767568 768269
768446 768862
769195 769524
769551 770768
771392 772093
772789 773660
785140 786006
791326 792084
792075 792317
792435 793424
794974 795462
797966 798043
798047 798124
800391 800636
800694 802109
802120 803559
810368 810625
812605 813301
813355 813549
813549 813929
814031 814264
814270 814497
814554 814820
814820 815149
815191 815505
815721 816518
816519 817322
819107 820618
822427 823503
823559 824641
824684 825121
827437 827514
830257 830333
830358 831542
834843 835631
835634 836992
837611 838738
840367 841176
841620 842861
842922 844238
847219 848157
848154 849017
849745 850453
850576 851979
856590 857495
857480 858403
858529 859392
860619 863522
863754 864857
864854 865732
865743 866528
866525 867811
871468 871755
872110 873090
874193 875188
875553 876521
876531 877259
877518 878279
878279 879742
879754 880080
880090 880929
886345 887145
887176 887382
893178 893336
893390 893860
893960 894655
897630 898016
898325 900019
900030 901019
901054 902553
902558 903832
903829 904323
904320 905387
905368 906945
906942 908597
908759 909094
909057 909425
909938 910639
912027 912758
912771 913127
913536 913865
913936 915003
920870 920947
920960 921037
931235 932287
932301 933467
933469 933879
933911 934363
934365 934613
934610 935203
935205 936191
936163 936680
936677 937363
937611 938864
940738 941361
941348 941923
941910 942548
942767 944266
944277 945947
955166 955501
955455 956522
958931 960028
960123 961250
961264 962748
962782 963624
963621 964541
964489 965358
965355 966116
966113 966706
966769 967308
967412 968296
968293 969474
969765 970154
974612 974725
974725 975378
975450 976688
976693 977361
978496 979929
983651 984613
984618 985466
985542 987716
990790 991083
991090 991452
991550 991768
992445 993200
993197 993625
995486 996088
996174 997394
997903 998565
998603 1000360
1000398 1000697
1001903 1002916
1002922 1003272
1003300 1005900
1006040 1007161
1007172 1008251
1008202 1009080
1009071 1010255
1010252 1011256
1011463 1012695
1012751 1014019
1014012 1015187
1015851 1016054
1016146 1016418
1016450 1017484
1017447 1017848
1018658 1019818
1020469 1020852
1020830 1021252
1021338 1022753
1022880 1023293
1023286 1024578
1024580 1025224
1025260 1025983
1026067 1027488
1027500 1028822
1030401 1031123
1031128 1031490
1033957 1035285
1039944 1040225
1040222 1040533
1045753 1046697
1047131 1048117
1048214 1049533
1049547 1050569
1050633 1051466
1052537 1053073
1054563 1054640
1054664 1055878
1055952 1059349
1061907 1062507
1062504 1063139
1063124 1063642
1063621 1064067
1066025 1066282
1084357 1084899
1084902 1085771
1085844 1087967
1094811 1095638
1095644 1095826
1095823 1096626
1096655 1097506
1099298 1099495
1104056 1104583
1105951 1107117
1110411 1110662
1110664 1111845
1111866 1113521
1113537 1114823
1114820 1117468
1117465 1118820
1118839 1119138
1120311 1120388
1120410 1121645
1122074 1122487
1122487 1123119
1123120 1123413
1123437 1124729
1125994 1127145
1130502 1131554
1134070 1135494
1135505 1135828
1135866 1136390
1138175 1138558
1139141 1139695
1139700 1140779
1143544 1145403
1145476 1146843
1146840 1147307
1149709 1151577
1151648 1152634
1152639 1153571
1153573 1154541
1154534 1155484
1157766 1158152
1158091 1158468
1159768 1160004
1159977 1160348
1161649 1162350
1162413 1162994
1164636 1165967
1170171 1170542
1170548 1170928
1170990 1171346
1171391 1173289
1173816 1175099
1175104 1175802
1178454 1179923
1179929 1181077
1181229 1182179
1183142 1184068
1184065 1184685
1185080 1186264
1186268 1187257
1188587 1190149
1190306 1191040
1194569 1195240
1195302 1196675
1196737 1197153
1198668 1199768
1199771 1200793
1200806 1201735
1201737 1202753
1203708 1203795
1204579 1205346
1205343 1206026
1206019 1207008
1207044 1207352
1209542 1209937
1217218 1217787
1217850 1218608
1219937 1221376
1221392 1221952
1222001 1222576
1222581 1223405
1234037 1234240
1235314 1236804
1236960 1237334
1237357 1238064
1238066 1238719
1238924 1239481
1239539 1239796
1239812 1241182
1241194 1242160
1242157 1242439
1242500 1242688
1242886 1244292
1244575 1244805
1244802 1245029
1245503 1245976
1245982 1247070
1250021 1251025
1251022 1251888
1251888 1252601
1252604 1253842
1261967 1262509
1263683 1264393
1264393 1265316
1265294 1265962
1266619 1267689
1267796 1269082
1271810 1273066
1273076 1274359
1274356 1275207
1275204 1276214
1276215 1276448
1276458 1277366
1277390 1278295
1278292 1279389
1283955 1284310
1285172 1285543
1285590 1285805
1285811 1286011
1286206 1286427
1286462 1287292
1287799 1288032
1288175 1288230
1288272 1289126
1290148 1291434
1291474 1291782
1291820 1291906
1293048 1293410
1293416 1294486
1294497 1296386
1298119 1298922
1298928 1299302
1299303 1299893
1299938 1300657
1302001 1302837
1306311 1308209
1310724 1311770
1311772 1312575
1312763 1314580
1314625 1315365
1315411 1316187
1316220 1317116
1317131 1317739
1317828 1318448
1318467 1320413
1320418 1321755
1321789 1322466
1322707 1324824
1324943 1325941
1325953 1327104
1327097 1328077
1328088 1329077
1329102 1329491
1329515 1329572
1329579 1330601
1333376 1334071
1337413 1337916
1337913 1338167
1338164 1338538
1338528 1338785
1338782 1339081
1339074 1339520
1339517 1339870
1339867 1341399
1341401 1341748
1341753 1342256
1342249 1342770
1342767 1344050
1344053 1345018
1345015 1345434
1345546 1346850
1349191 1350399
1360246 1362012
1362022 1362288
1362325 1362855
1362915 1363259
1364250 1365701
1367474 1368790
1368918 1369076
1369129 1371015
1371178 1371711
1371708 1372529
1372508 1373302
1373191 1373691
1373666 1374181
1374434 1374489
1374522 1374577
1374705 1375985
1377177 1377758
1378926 1379621
1379965 1380120
1382407 1382637
1382919 1383440
1383451 1385323
1385396 1385827
1385861 1386082
1386483 1387211
1387258 1387379
1388279 1388575
1388586 1388978
1389982 1390650
1390696 1391238
1391951 1392154
1392619 1393080
1393171 1393731
1395881 1397077
1397791 1398210
1398214 1398666
1398731 1399009
1399006 1399617
1401394 1404336
1404410 1406506
1406599 1408695
1408709 1409809
1409796 1410389
1410437 1411018
1411026 1411463
1411468 1411869
1412270 1412746
1412755 1413369
1413402 1413457
1416190 1417230
1427923 1429212
1429318 1430634
1430759 1432096
1432096 1432905
1438255 1439157
1439252 1440640
1441333 1441788
1441806 1443272
1445653 1446831
1446828 1447856
1447868 1448380
1449703 1450131
1450145 1451080
1451087 1451338
1468368 1468868
1468976 1470343
1470356 1471684
1478690 1479679
1479685 1480143
1480146 1481171
1482171 1483025
1483702 1484457
1484516 1485025
1485067 1485903
1486031 1487371
1488683 1489546
1489560 1489919
1489965 1490333
1490339 1491130
1491167 1491724
1497260 1497907
1497925 1499436
1500370 1501618
1502192 1502971
1502971 1503216
1508482 1509633
1509677 1511017
1511043 1511792
1514164 1514949
1515549 1516076
1516352 1516750
1519033 1520292
1520405 1521097
1523720 1524814
1525737 1527422
1537818 1538318
1538770 1540515
1540505 1542241
1543003 1543884
1543881 1544495
1544485 1545612
1545679 1546209
1546209 1546793
1546795 1547517
1547486 1548241
1548252 1548881
1548878 1549894
1549885 1550601
1550606 1550935
1551050 1551412
1556349 1557017
1558549 1559235
1560039 1560554
1560779 1561858
1561855 1562997
1562994 1563488
1563682 1563849
1563887 1564708
1564705 1565697
1565708 1566457
1566463 1567563
1567538 1568518
1568672 1568986
1568979 1569632
1569629 1570552
1570563 1571351
1571339 1572346
1572339 1572992
1572989 1573804
1573779 1574600
1574650 1575846
1575891 1577396
1577380 1578369
1578362 1579270
1579245 1580567
1580593 1581651
1581718 1581948
1581932 1582969
1582954 1583400
1583321 1583728
1589900 1590580
1590675 1591790
1591787 1594957
1598702 1599202
1599272 1600000
1599984 1600895
1601129 1601332
1601412 1602689
1602755 1603150
1603150 1604493
1605924 1607009
1607020 1607724
1607740 1608372
1608359 1609690
1609690 1609923
1609933 1610484
1610417 1610863
1611698 1611775
1612431 1613132
1613202 1613519
1614675 1616027
1616069 1616962
1616959 1617795
1617800 1619038
1619071 1620087
1620093 1621211
1621276 1622760
1622785 1624698
1624679 1625638
1625668 1627294
1627288 1628301
1629505 1630206
1630272 1631990
1633559 1633903
1633903 1634613
1635746 1637191
1637197 1638324
1638428 1639594
1639584 1640657
1641930 1642607
1644004 1644264
1644267 1645457
1645457 1646305
1646309 1646824
1646817 1647980
1647977 1648822
1648819 1649361
1649441 1650532
1653723 1654511
1654508 1655335
1655335 1656009
1660205 1661227
1663392 1664048
1664132 1664740
1664775 1665068
1665087 1665581
1666520 1667083
1667150 1668574
1668571 1669077
1669074 1669334
1669331 1670467
1688684 1689151
1689365 1689568
1689655 1690458
1691095 1691607
1691604 1692209
1692206 1692493
1694767 1696380
1696367 1696801
1701760 1702089
1702086 1702760
1702767 1703351
1706913 1708280
1710535 1711314
1711817 1713091
1713134 1714615
1714612 1715471
1715594 1716448
1718792 1719409
1719412 1720233
1721054 1721833
1723191 1724060
1724035 1724895
1724896 1725801
1725794 1726009
1727511 1728179
1728228 1729232
1729289 1729588
1730235 1731149
1731133 1731657
1731645 1732661
1732949 1733548
1737309 1738223
1738204 1739340
1739367 1740251
1745653 1745898
1746259 1746873
1746870 1747631
1747767 1747843
1747976 1748215
1748733 1749524
1750198 1751973
1753356 1754483
1754581 1755750
1755923 1757236
1757248 1758627
1758806 1759330
1759342 1760193
1762991 1764268
1764312 1764779
1764755 1765399
1765438 1766625
1767878 1768924
1769079 1770209
1770216 1771223
1773331 1774107
1774163 1775248
1775245 1776321
1778285 1779061
1780133 1780552
1780734 1781477
1781493 1782302
1796681 1797235
1797159 1798391
1799153 1799587
1799630 1800595
1800588 1800989
1804967 1805506
1806615 1807460
1807522 1808382
1808379 1808852
1808901 1810136
1810244 1811080
1811080 1812948
1814247 1814429
1814430 1814705
1815891 1817174
1817213 1818067
1818064 1818897
1818903 1819997
1820217 1822034
1822044 1822760
1823620 1825269
1825412 1826830
1826876 1828270
1828315 1829226
1829236 1830066
1832161 1832973
1833103 1836093
1836100 1836639
1836732 1837326
1837301 1838535
1838622 1839035
1839104 1840222
1840279 1840464
1840468 1840926
1840938 1841432
1841511 1842161
1842167 1843186
1843233 1843556
1843661 1844203
1844702 1844779
1845123 1845794
1845822 1846529
1846588 1847934
1847935 1849443
1852126 1852872
1852917 1854389
1854402 1855892
1855885 1857126
1857119 1857469
1857532 1857783
1857791 1857940
1857987 1858658
1858621 1858869
1858962 1861160
1861224 1862027
1862030 1862794
1862803 1865094
1865225 1865395
1869790 1870419
1870412 1871665
1872526 1873389
1873389 1873595
1873546 1873914
1873880 1874278
1876134 1877126
1878576 1878652
1879328 1880314
1880348 1881100
1881524 1881832
1881861 1882388
1884068 1884652
1885567 1886922
1887478 1888167
1888256 1889236
1889654 1890964
1892803 1893201
1893179 1893454
1893535 1893981
1901579 1902394
1902398 1902682