0 99
264 363
1431474 1431573
477378 477477
330 429
954492 954591
1431606 1431705
858 957
1056 1155
478170 478269
1188 1287
1432398 1432497
1254 1353
1386 1485
478566 478665
955680 955779
478698 478797
479160 479259
2178 2277
1433388 1433487
956406 956505
956538 956637
479490 479589
2508 2607
2640 2739
1433850 1433949
2970 3069
480084 480183
1434312 1434411
3168 3267
480282 480381
3234 3333
957396 957495
1434444 1434543
480414 480513
957528 957627
480546 480645
957660 957759
480678 480777
1434840 1434939
481008 481107
1435368 1435467
4290 4389
4356 4455
481602 481701
958716 958815
958848 958947
4752 4851
958914 959013
4818 4917
481998 482097
4950 5049
482196 482295
5214 5313
482328 482427
1436424 1436523
959442 959541
482526 482625
5544 5643
482724 482823
5676 5775
1436886 1436985
482922 483021
482988 483087
960234 960333
6138 6237
1437480 1437579
1437612 1437711
960696 960795
1438008 1438107
961224 961323
484242 484341
961356 961455
7326 7425
961554 961653
7524 7623
484572 484671
1438734 1438833
7788 7887
1439196 1439295
962346 962445
485364 485463
1439592 1439691
8580 8679
8646 8745
1439724 1439823
485958 486057
962940 963039
8976 9075
486024 486123
9042 9141
9108 9207
963072 963171
1440186 1440285
963534 963633
9636 9735
963732 963831
486882 486981
1441044 1441143
9834 9933
1441308 1441407
487278 487377
10032 10131
964326 964425
1441506 1441605
964458 964557
1441836 1441935
964854 964953
964920 965019
1442100 1442199
10758 10857
488136 488235
11220 11319
11352 11451
1442562 1442661
965976 966075
488994 489093
11748 11847
1442826 1442925
1442892 1442991
489126 489225
1443024 1443123
489258 489357
966438 966537
12078 12177
966504 966603
1443156 1443255
1443420 1443519
1443552 1443651
12606 12705
1443684 1443783
490116 490215
12936 13035
1444080 1444179
13266 13365
1444344 1444443
490644 490743
967824 967923
490710 490809
1444542 1444641
967890 967989
968022 968121
13662 13761
491172 491271
1445664 1445763
491898 491997
14718 14817
492558 492657
15312 15411
969738 969837
15378 15477
15444 15543
15510 15609
970002 970101
15642 15741
493020 493119
15840 15939
970266 970365
493152 493251
970332 970431
493218 493317
970398 970497
16038 16137
970464 970563
16302 16401
970860 970959
493746 493845
970926 971025
970992 971091
493878 493977
1447776 1447875
971256 971355
1447974 1448073
16698 16797
971520 971619
1448106 1448205
971718 971817
16830 16929
494472 494571
971916 972015
17028 17127
1448700 1448799
972312 972411
17490 17589
972444 972543
495264 495363
972576 972675
495330 495429
1449294 1449393
17622 17721
1449426 1449525
1449492 1449591
17886 17985
1449888 1449987
973566 973665
18414 18513
496320 496419
1450152 1450251
1450482 1450581
496716 496815
19008 19107
1450680 1450779
497046 497145
974424 974523
497178 497277
1450944 1451043
19338 19437
497508 497607
974886 974985
19668 19767
497706 497805
497838 497937
975150 975249
19932 20031
1451802 1451901
1451868 1451967
975480 975579
975546 975645
20460 20559
1452198 1452297
498564 498663
975876 975975
976008 976107
498762 498861
976140 976239
1452660 1452759
21054 21153
976272 976371
499026 499125
976470 976569
976602 976701
21450 21549
976668 976767
499554 499653
976932 977031
1453386 1453485
21912 22011
1453650 1453749
1453782 1453881
500082 500181
22176 22275
977394 977493
977526 977625
22572 22671
1454244 1454343
977922 978021
500742 500841
1454706 1454805
978252 978351
501072 501171
978516 978615
501468 501567
1455300 1455399
1455366 1455465
501666 501765
1455432 1455531
501798 501897
979110 979209
979176 979275
501930 502029
502128 502227
979440 979539
24222 24321
1456026 1456125
1456158 1456257
1456290 1456389
24618 24717
1456422 1456521
502788 502887
1456686 1456785
25080 25179
1456818 1456917
1456950 1457049
980496 980595
25410 25509
1457346 1457445
981024 981123
981486 981585
1457874 1457973
26598 26697
504636 504735
26730 26829
504702 504801
1458402 1458501
504966 505065
27126 27225
1458732 1458831
505098 505197
982476 982575
27324 27423
505692 505791
27786 27885
505824 505923
1459524 1459623
983334 983433
506352 506451
28380 28479
983730 983829
983928 984027
28710 28809
983994 984093
984126 984225
506880 506979
984192 984291
507276 507375
984588 984687
29634 29733
507804 507903
1461570 1461669
508002 508101
1461636 1461735
30360 30459
30426 30525
508464 508563
30624 30723
985974 986073
30690 30789
30756 30855
30822 30921
30888 30987
1462494 1462593
509190 509289
986634 986733
31350 31449
31746 31845
987162 987261
1463484 1463583
32340 32439
1464012 1464111
1464144 1464243
988086 988185
988152 988251
33000 33099
988614 988713
511368 511467
1465002 1465101
988746 988845
988812 988911
511566 511665
989076 989175
33924 34023
33990 34089
989670 989769
512424 512523
989868 989967
34584 34683
512688 512787
1466388 1466487
512820 512919
1466454 1466553
1466652 1466751
990528 990627
35376 35475
513480 513579
513876 513975
35904 36003
1467510 1467609
991254 991353
991320 991419
514140 514239
991584 991683
1467906 1468005
1467972 1468071
514602 514701
36696 36795
514998 515097
992376 992475
992442 992541
37356 37455
515328 515427
992640 992739
992706 992805
1469028 1469127
1469094 1469193
37620 37719
993102 993201
1469622 1469721
993498 993597
38346 38445
516516 516615
993960 994059
516846 516945
39138 39237
517374 517473
994686 994785
994884 994983
517638 517737
995148 995247
39864 39963
1471470 1471569
518034 518133
518166 518265
518232 518331
995544 995643
1471866 1471965
40326 40425
518364 518463
995676 995775
1471998 1472097
518496 518595
1472130 1472229
518628 518727
40656 40755
40722 40821
996072 996171
40788 40887
1472526 1472625
996270 996369
1472724 1472823
41184 41283
519222 519321
996600 996699
519354 519453
41514 41613
1473186 1473285
41646 41745
1473318 1473417
1473648 1473747
1473714 1473813
42240 42339
1473912 1474011
520476 520575
997788 997887
997854 997953
1474176 1474275
1474242 1474341
42966 43065
1474704 1474803
998448 998547
1474902 1475001
998712 998811
998778 998877
521532 521631
521730 521829
521796 521895
1475364 1475463
1475430 1475529
1475496 1475595
522390 522489
999702 999801
44484 44583
1476024 1476123
1476090 1476189
522588 522687
1476156 1476255
1476420 1476519
44946 45045
45012 45111
45078 45177
523182 523281
1476882 1476981
523512 523611
523578 523677
523710 523809
1000824 1000923
1477608 1477707
524370 524469
1478070 1478169
524502 524601
1001550 1001649
46530 46629
46596 46695
1001748 1001847
525162 525261
1002342 1002441
47256 47355
525426 525525
1002474 1002573
47520 47619
1002672 1002771
1479258 1479357
1479588 1479687
1003134 1003233
48048 48147
526152 526251
1003266 1003365
1003332 1003431
526614 526713
1480314 1480413
526746 526845
1004058 1004157
49104 49203
1004388 1004487
1480974 1481073
49302 49401
49368 49467
1004586 1004685
527604 527703
527802 527901
1481502 1481601
1481568 1481667
1481766 1481865
1481898 1481997
1005378 1005477
528462 528561
1482096 1482195
528792 528891
1005840 1005939
1006170 1006269
1482756 1482855
1006368 1006467
529518 529617
1483152 1483251
529650 529749
51678 51777
1483350 1483449
51810 51909
529914 530013
1483680 1483779
1007292 1007391
530442 530541
1484142 1484241
52668 52767
1484406 1484505
52734 52833
1484472 1484571
52932 53031
52998 53097
1008216 1008315
53262 53361
531762 531861
531828 531927
1009536 1009635
1486386 1486485
1486650 1486749
532950 533049
1010328 1010427
1010460 1010559
55440 55539
55506 55605
55572 55671
1010658 1010757
55638 55737
55836 55935
1011054 1011153
533940 534039
1011120 1011219
1487772 1487871
534006 534105
1011252 1011351
56232 56331
1488036 1488135
1011516 1011615
534336 534435
534402 534501
534534 534633
1011714 1011813
1011780 1011879
1011912 1012011
1488564 1488663
1011978 1012077
1488696 1488795
534864 534963
534930 535029
57090 57189
535128 535227
1012572 1012671
1012638 1012737
1489356 1489455
57816 57915
1489554 1489653
57882 57981
535788 535887
535854 535953
58014 58113
1489686 1489785
535986 536085
536382 536481
58542 58641
1490280 1490379
58674 58773
1490346 1490445
1013760 1013859
1490412 1490511
58806 58905
1013892 1013991
59004 59103
1490676 1490775
536976 537075
59268 59367
1490940 1491039
1491006 1491105
1014420 1014519
1014552 1014651
1014684 1014783
1014750 1014849
59730 59829
59796 59895
59862 59961
1014948 1015047
60126 60225
60192 60291
60258 60357
1491930 1492029
538164 538263
1015410 1015509
1015674 1015773
60720 60819
1492392 1492491
60786 60885
1492458 1492557
538758 538857
1016004 1016103
1016070 1016169
61248 61347
1016400 1016499
1493052 1493151
61512 61611
1016598 1016697
1493184 1493283
1493382 1493481
1016862 1016961
61842 61941
1493580 1493679
539616 539715
1493844 1493943
1017456 1017555
62634 62733
62832 62931
1018446 1018545
1018710 1018809
541068 541167
1018842 1018941
1495428 1495527
63954 64053
1019172 1019271
541728 541827
541794 541893
64350 64449
1019700 1019799
64548 64647
1019766 1019865
1496418 1496517
1019898 1019997
1020030 1020129
542454 542553
1496682 1496781
1496880 1496979
542718 542817
1020360 1020459
1020426 1020525
65472 65571
1497210 1497309
1020690 1020789
1021350 1021449
1497936 1498035
1498002 1498101
1498068 1498167
66396 66495
1498464 1498563
1022010 1022109
544434 544533
66990 67089
1498728 1498827
544632 544731
1022340 1022439
545094 545193
545226 545325
545424 545523
545556 545655
68046 68145
1023330 1023429
545688 545787
68244 68343
545820 545919
68442 68541
69036 69135
1024254 1024353
69168 69267
1024386 1024485
546744 546843
1024518 1024617
547008 547107
1501500 1501599
69894 69993
1025112 1025211
69960 70059
547536 547635
70026 70125
1025244 1025343
1502028 1502127
1025574 1025673
547932 548031
70752 70851
1502556 1502655
1502754 1502853
71082 71181
548592 548691
1502820 1502919
1026366 1026465
548790 548889
71346 71445
1027026 1027125
72006 72105
549648 549747
72600 72699
550110 550209
1504734 1504833
550638 550737
73194 73293
550902 551001
1028742 1028841
73656 73755
73722 73821
73788 73887
1505526 1505625
1029138 1029237
74052 74151
74118 74217
1029270 1029369
74250 74349
551760 551859
551826 551925
551892 551991
74778 74877
552354 552453
74844 74943
1030062 1030161
74910 75009
552486 552585
74976 75075
552552 552651
75108 75207
75372 75471
1030656 1030755
553080 553179
1031052 1031151
553542 553641
553674 553773
1031382 1031481
553740 553839
76296 76395
76362 76461
553938 554037
1031646 1031745
1031712 1031811
554070 554169
1508298 1508397
76626 76725
76692 76791
1508430 1508529
554268 554367
1508496 1508595
1032306 1032405
554730 554829
554796 554895
554862 554961
1032570 1032669
77616 77715
555192 555291
77682 77781
555258 555357
1509684 1509783
1509750 1509849
1033296 1033395
555720 555819
555852 555951
1510080 1510179
78408 78507
556248 556347
78804 78903
556512 556611
78936 79035
1510938 1511037
556776 556875
1034418 1034517
1034550 1034649
1034616 1034715
557238 557337
1511532 1511631
1511664 1511763
1035144 1035243
557502 557601
79992 80091
557568 557667
80058 80157
1511862 1511961
558030 558129
558360 558459
558624 558723
1512456 1512555
81312 81411
1036596 1036695
1512852 1512951
81576 81675
1036860 1036959
1513050 1513149
1036992 1037091
1513314 1513413
1037322 1037421
559746 559845
559878 559977
82500 82599
1513974 1514073
560340 560439
82962 83061
560538 560637
1038312 1038411
561000 561099
1038774 1038873
561198 561297
1514964 1515063
561264 561363
83754 83853
83886 83985
1515228 1515327
561660 561759
1039302 1039401
561792 561891
1515558 1515657
1039500 1039599
561924 562023
561990 562089
1039632 1039731
562056 562155
1039698 1039797
562122 562221
1039764 1039863
84546 84645
1040160 1040259
1040424 1040523
1516548 1516647
562848 562947
562980 563079
85404 85503
1516812 1516911
85734 85833
85866 85965
563442 563541
563508 563607
86064 86163
1041348 1041447
1517538 1517637
1517736 1517835
86526 86625
564300 564399
1042140 1042239
1518462 1518561
87252 87351
1042866 1042965
87846 87945
1043196 1043295
1519386 1519485
88242 88341
1043526 1043625
1519716 1519815
1043658 1043757
1519782 1519881
88506 88605
566346 566445
566412 566511
566478 566577
566544 566643
88968 89067
1520310 1520409
566610 566709
566742 566841
1044516 1044615
567006 567105
1044714 1044813
1044846 1044945
567204 567303
1520970 1521069
1045110 1045209
90156 90255
1045374 1045473
567732 567831
1045440 1045539
90288 90387
1045506 1045605
90420 90519
1045638 1045737
1521828 1521927
568128 568227
1521894 1521993
568260 568359
1522092 1522191
1046166 1046265
1522356 1522455
91410 91509
1522752 1522851
91476 91575
1046694 1046793
1046760 1046859
1046892 1046991
1046958 1047057
1523214 1523313
91938 92037
569514 569613
92070 92169
569910 570009
1523742 1523841
92928 93027
1524402 1524501
1048344 1048443
570768 570867
1524666 1524765
94116 94215
571758 571857
94314 94413
1525656 1525755
1049994 1050093
95040 95139
1050324 1050423
95304 95403
1050522 1050621
573342 573441
573606 573705
96360 96459
573870 573969
1527702 1527801
96558 96657
1051842 1051941
574200 574299
574332 574431
1528230 1528329
574596 574695
574662 574761
1052370 1052469
1528428 1528527
574860 574959
575124 575223
1053030 1053129
97482 97581
1529418 1529517
575784 575883
575850 575949
1529682 1529781
98142 98241
98208 98307
1053822 1053921
98274 98373
576378 576477
1054152 1054251
98670 98769
1530408 1530507
576708 576807
1054614 1054713
576972 577071
577038 577137
1530936 1531035
1054878 1054977
99396 99495
1531068 1531167
1055076 1055175
1531200 1531299
99660 99759
1531398 1531497
577632 577731
1531464 1531563
577962 578061
100122 100221
1531794 1531893
1055868 1055967
1055934 1056033
578292 578391
1056132 1056231
578490 578589
1532454 1532553
578886 578985
101310 101409
101442 101541
1057122 1057221
1533312 1533411
1533378 1533477
1057452 1057551
579876 579975
102102 102201
1057848 1057947
580140 580239
102300 102399
1057914 1058013
1058046 1058145
1058112 1058211
102564 102663
1058178 1058277
102894 102993
580800 580899
1058508 1058607
103092 103191
1058640 1058739
103224 103323
1058772 1058871
103290 103389
1534962 1535061
103422 103521
1059102 1059201
1535226 1535325
1059366 1059465
1059432 1059531
103950 104049
582252 582351
104478 104577
582450 582549
1060488 1060587
104940 105039
1060686 1060785
1060752 1060851
1536810 1536909
105270 105369
583308 583407
1061280 1061379
1537404 1537503
1061610 1061709
1061676 1061775
1061742 1061841
106194 106293
584430 584529
1538130 1538229
106590 106689
106722 106821
584694 584793
1062402 1062501
106920 107019
584958 585057
1538724 1538823
107184 107283
585090 585189
1538790 1538889
107316 107415
585222 585321
1538922 1539021
107580 107679
585816 585915
585882 585981
585948 586047
108174 108273
1539846 1539945
108372 108471
1539912 1540011
586212 586311
108570 108669
1540110 1540209
1064118 1064217
108702 108801
1540242 1540341
1064382 1064481
108900 108999
1540572 1540671
1064580 1064679
1064778 1064877
1064844 1064943
109362 109461
587400 587499
1065042 1065141
1065108 1065207
109758 109857
587664 587763
1541364 1541463
110154 110253
588126 588225
110286 110385
588192 588291
1542090 1542189
588456 588555
110616 110715
1066098 1066197
111012 111111
1542882 1542981
589248 589347
589380 589479
1543146 1543245
1067220 1067319
1067418 1067517
1067550 1067649
112332 112431
112398 112497
112530 112629
590634 590733
1068342 1068441
112926 113025
1068474 1068573
1544928 1545027
591294 591393
591426 591525
113586 113685
1069134 1069233
1069200 1069299
591690 591789
1069332 1069431
1545456 1545555
591888 591987
592020 592119
592218 592317
114444 114543
1069926 1070025
1546050 1546149
1070454 1070553
1546776 1546875
593208 593307
1546908 1547007
115368 115467
115434 115533
115566 115665
1547172 1547271
1070718 1070817
594066 594165
1547700 1547799
594264 594363
116424 116523
1548030 1548129
116820 116919
116886 116985
117018 117117
1071972 1072071
1548756 1548855
595188 595287
1072236 1072335
1072368 1072467
595518 595617
595848 595947
1072830 1072929
1549614 1549713
118272 118371
1550076 1550175
118602 118701
1550274 1550373
597102 597201
119196 119295
597300 597399
1551330 1551429
119856 119955
119922 120021
1074876 1074975
1551924 1552023
1075272 1075371
598422 598521
1075404 1075503
1552320 1552419
598752 598851
1552386 1552485
120780 120879
599214 599313
1552848 1552947
121308 121407
1076262 1076361
1553178 1553277
121638 121737
1076592 1076691
1076658 1076757
599808 599907
121836 121935
1077582 1077681
1554366 1554465
600864 600963
122958 123057
1078044 1078143
1554762 1554861
123288 123387
1078176 1078275
1555224 1555323
123816 123915
123948 124047
1078836 1078935
601986 602085
124014 124113
124146 124245
1555752 1555851
124212 124311
124344 124443
1556082 1556181
602580 602679
1556214 1556313
1079694 1079793
124872 124971
602910 603009
603174 603273
1556742 1556841
1080222 1080321
1080552 1080651
603834 603933
1557402 1557501
1557468 1557567
125994 126093
1557666 1557765
1081080 1081179
1557798 1557897
1557864 1557963
1557930 1558029
1081344 1081443
1558128 1558227
604824 604923
1081740 1081839
126852 126951
127050 127149
605286 605385
1558854 1558953
1082334 1082433
605616 605715
1082532 1082631
1559316 1559415
606012 606111
1559580 1559679
1083126 1083225
128172 128271
128370 128469
128436 128535
1083456 1083555
1083786 1083885
1560504 1560603
1560570 1560669
607068 607167
1560636 1560735
129096 129195
1560768 1560867
1084182 1084281
1084248 1084347
607332 607431
129228 129327
607398 607497
607530 607629
1561098 1561197
1084512 1084611
1561230 1561329
1084644 1084743
129624 129723
1561296 1561395
608190 608289
1085106 1085205
1561824 1561923
1562088 1562187
1562154 1562253
131010 131109
1086162 1086261
609510 609609
131472 131571
1086558 1086657
1563276 1563375
1563408 1563507
609906 610005
131802 131901
131934 132033
1563606 1563705
610104 610203
610170 610269
1563738 1563837
610236 610335
1564002 1564101
1564134 1564233
1087614 1087713
132660 132759
610896 610995
132990 133089
1564266 1564365
1088076 1088175
133056 133155
1564398 1564497
611556 611655
133584 133683
1564860 1564959
133716 133815
1088736 1088835
133980 134079
1565322 1565421
134508 134607
1565850 1565949
612744 612843
134772 134871
135366 135465
135432 135531
613536 613635
1566972 1567071
1090914 1091013
1567236 1567335
136158 136257
1567500 1567599
1091310 1091409
1091574 1091673
614724 614823
136752 136851
1568028 1568127
136950 137049
1091970 1092069
615120 615219
615186 615285
1568358 1568457
137214 137313
1568490 1568589
137346 137445
615450 615549
137478 137577
1568754 1568853
1568886 1568985
1092630 1092729
137742 137841
1569018 1569117
1092762 1092861
137940 138039
1569282 1569381
616374 616473
616506 616605
138534 138633
1093488 1093587
138666 138765
616836 616935
138864 138963
1093950 1094049
139260 139359
617298 617397
139524 139623
139656 139755
618090 618189
140118 140217
1571262 1571361
140184 140283
1571328 1571427
1095468 1095567
1571790 1571889
618750 618849
1095864 1095963
619080 619179
1095930 1096029
619146 619245
1095996 1096095
1096260 1096359
141504 141603
1572714 1572813
1572780 1572879
1096524 1096623
1573044 1573143
1096920 1097019
142164 142263
620334 620433
142560 142659
620664 620763
1573902 1574001
620928 621027
1574166 1574265
143352 143451
621720 621819
621852 621951
143946 144045
621918 622017
621984 622083
1575156 1575255
1575288 1575387
622380 622479
144540 144639
1099494 1099593
1099560 1099659
1575882 1575981
144870 144969
1099692 1099791
1099758 1099857
145134 145233
1100022 1100121
1100088 1100187
145464 145563
1576740 1576839
145860 145959
146124 146223
146454 146553
624492 624591
146850 146949
1578060 1578159
1101870 1101969
147180 147279
625218 625317
147246 147345
147312 147411
147378 147477
1102266 1102365
1578786 1578885
147774 147873
1102596 1102695
1102728 1102827
625944 626043
1579116 1579215
148434 148533
627000 627099
1103916 1104015
627198 627297
1580304 1580403
627264 627363
627396 627495
149754 149853
1104576 1104675
149886 149985
1104708 1104807
150084 150183
628122 628221
150150 150249
1581954 1582053
150612 150711
629376 629475
1106292 1106391
629640 629739
151206 151305
1582878 1582977
629772 629871
1583076 1583175
1583142 1583241
1106820 1106919
1107018 1107117
1107150 1107249
1583538 1583637
152130 152229
1583670 1583769
630696 630795
152460 152559
1107678 1107777
1107744 1107843
152658 152757
1107876 1107975
1108140 1108239
153054 153153
1584792 1584891
1584924 1585023
1108734 1108833
1585056 1585155
1108998 1109097
153912 154011
1109130 1109229
632544 632643
1585584 1585683
1585650 1585749
1585716 1585815
154704 154803
1586310 1586409
1586376 1586475
155100 155199
1110384 1110483
1586772 1586871
1110516 1110615
155430 155529
1110846 1110945
634326 634425
156024 156123
1111242 1111341
634590 634689
156222 156321
1111374 1111473
156288 156387
1111440 1111539
156486 156585
1587960 1588059
1111770 1111869
156684 156783
156816 156915
635382 635481
635448 635547
157146 157245
1112364 1112463
1112562 1112661
157608 157707
1589148 1589247
158004 158103
158070 158169
158268 158367
636702 636801
636966 637065
637032 637131
1113816 1113915
1590204 1590303
1590270 1590369
1114014 1114113
159060 159159
637494 637593
1590534 1590633
637560 637659
1114344 1114443
1114476 1114575
637890 637989
1590930 1591029
1591128 1591227
638220 638319
159918 160017
638616 638715
638814 638913
160776 160875
1592250 1592349
1116060 1116159
161238 161337
161370 161469
1592844 1592943
161634 161733
1116984 1117083
640332 640431
1117380 1117479
162294 162393
640860 640959
640926 641025
162624 162723
641058 641157
1594296 1594395
162888 162987
163152 163251
1118304 1118403
1594692 1594791
163284 163383
163350 163449
163416 163515
163482 163581
163548 163647
1595088 1595187
1118832 1118931
1118898 1118997
163944 164043
1595418 1595517
164208 164307
642774 642873
1595814 1595913
642840 642939
642906 643005
1119690 1119789
164604 164703
643038 643137
1596144 1596243
1119888 1119987
164802 164901
1596276 1596375
165132 165231
1120482 1120581
643764 643863
643896 643995
1597134 1597233
1597266 1597365
165858 165957
644292 644391
1597398 1597497
166056 166155
1121472 1121571
1121538 1121637
644820 644919
166452 166551
1597926 1598025
1121670 1121769
166584 166683
166782 166881
1121934 1122033
1598388 1598487
1598520 1598619
1122396 1122495
1598850 1598949
1599180 1599279
1599246 1599345
646272 646371
1123386 1123485
168036 168135
1123452 1123551
1123650 1123749
1123716 1123815
168366 168465
1123848 1123947
647196 647295
1599972 1600071
647262 647361
168696 168795
1124112 1124211
168828 168927
169026 169125
1124442 1124541
1600566 1600665
1124640 1124739
169356 169455
169422 169521
1600830 1600929
1601028 1601127
648318 648417
1601094 1601193
648384 648483
1601160 1601259
1125234 1125333
169884 169983
170148 170247
1125564 1125663
649044 649143
1125828 1125927
1125894 1125993
649308 649407
649440 649539
170874 170973
649506 649605
649572 649671
171072 171171
1126488 1126587
171336 171435
1602678 1602777
650100 650199
650298 650397
1603272 1603371
1127742 1127841
651024 651123
651090 651189
1127874 1127973
1603932 1604031
172656 172755
173052 173151
651816 651915
651948 652047
1128732 1128831
652080 652179
652146 652245
1604922 1605021
1128930 1129029
173712 173811
652278 652377
652476 652575
173976 174075
1605384 1605483
174108 174207
1605450 1605549
174240 174339
1605582 1605681
652806 652905
174438 174537
174504 174603
174636 174735
174834 174933
653400 653499
1130184 1130283
1606374 1606473
1130646 1130745
1606968 1607067
1607034 1607133
654390 654489
1131240 1131339
176022 176121
654588 654687
1131438 1131537
1607628 1607727
176484 176583
1608024 1608123
1132032 1132131
176880 176979
1608420 1608519
1132560 1132659
177342 177441
655908 656007
1132692 1132791
177474 177573
1608816 1608915
1132824 1132923
656106 656205
1609014 1609113
1609080 1609179
656436 656535
177936 178035
1609344 1609443
656568 656667
1133352 1133451
178068 178167
1609608 1609707
178332 178431
657294 657393
1610334 1610433
1610400 1610499
657624 657723
1610532 1610631
1134606 1134705
657954 658053
1610796 1610895
658086 658185
1610928 1611027
179652 179751
658284 658383
1611192 1611291
179850 179949
1135266 1135365
1611456 1611555
1611522 1611621
180180 180279
1611588 1611687
1135596 1135695
1611720 1611819
1135794 1135893
1611918 1612017
1135860 1135959
1611984 1612083
1612050 1612149
1612116 1612215
1612314 1612413
659670 659769
1612512 1612611
659736 659835
1612578 1612677
659802 659901
1612644 1612743
181368 181467
1612908 1613007
1136916 1137015
1612974 1613073
1136982 1137081
660396 660495
660462 660561
181962 182061
1137312 1137411
182094 182193
1137444 1137543
1137576 1137675
660924 661023
660990 661089
182556 182655
661254 661353
1138104 1138203
1138236 1138335
183150 183249
1614756 1614855
1614822 1614921
183414 183513
662112 662211
1614954 1615053
1138896 1138995
1615020 1615119
662310 662409
183744 183843
183876 183975
184008 184107
184140 184239
1615944 1616043
1616010 1616109
1139952 1140051
663564 663663
1616406 1616505
1140348 1140447
663630 663729
1140744 1140843
1616868 1616967
664158 664257
664224 664323
664290 664389
1617132 1617231
664356 664455
1141140 1141239
185328 185427
1141206 1141305
185394 185493
1617330 1617429
1617396 1617495
1141470 1141569
1617660 1617759
665148 665247
1142130 1142229
1618122 1618221
1142196 1142295
186450 186549
1618320 1618419
1142394 1142493
665808 665907
186714 186813
665940 666039
186978 187077
666138 666237
1618848 1618947
1142988 1143087
1618980 1619079
187242 187341
1143054 1143153
666468 666567
666930 667029
1619574 1619673
666996 667095
1619640 1619739
1619772 1619871
667194 667293
667392 667491
1144044 1144143
188298 188397
1620168 1620267
188562 188661
188628 188727
667788 667887
1144440 1144539
1144638 1144737
1620630 1620729
668052 668151
1144704 1144803
189222 189321
668382 668481
189420 189519
1145232 1145331
189486 189585
1145430 1145529
669240 669339
1622016 1622115
669372 669471
669570 669669
190674 190773
190740 190839
1622610 1622709
1622676 1622775
670032 670131
670164 670263
191202 191301
1147014 1147113
1623270 1623369
1147410 1147509
1623402 1623501
1147542 1147641
1623534 1623633
191796 191895
1623600 1623699
1147740 1147839
192060 192159
192258 192357
671484 671583
192588 192687
671682 671781
192654 192753
192720 192819
1148532 1148631
671880 671979
1624788 1624887
1148862 1148961
193116 193215
1625118 1625217
672540 672639
672606 672705
193644 193743
193710 193809
193776 193875
1625778 1625877
1150116 1150215
194370 194469
1150248 1150347
194700 194799
1626636 1626735
674058 674157
1150776 1150875
1626900 1626999
1151106 1151205
195426 195525
1627296 1627395
195558 195657
1151436 1151535
674850 674949
675114 675213
1152162 1152261
196548 196647
675972 676071
1152690 1152789
1628748 1628847
1152756 1152855
1628946 1629045
197274 197373
676434 676533
676500 676599
197604 197703
676830 676929
1629606 1629705
197868 197967
1629672 1629771
677490 677589
677688 677787
677754 677853
198792 198891
677820 677919
1630596 1630695
1154538 1154637
677952 678051
678018 678117
678084 678183
1154802 1154901
1154868 1154967
199188 199287
1155066 1155165
199386 199485
678678 678777
678744 678843
1155528 1155627
679074 679173
679140 679239
1156056 1156155
1632246 1632345
1156254 1156353
679602 679701
1632444 1632543
1156452 1156551
200772 200871
679800 679899
200838 200937
200904 201003
679932 680031
1156848 1156947
680262 680361
1633434 1633533
1633500 1633599
1157442 1157541
680922 681021
1633896 1633995
681252 681351
1158168 1158267
1634424 1634523
1634490 1634589
681780 681879
1634754 1634853
203016 203115
1634886 1634985
682176 682275
1158894 1158993
682242 682341
1158960 1159059
203346 203445
203412 203511
203544 203643
682638 682737
1635480 1635579
1159422 1159521
1635678 1635777
682968 683067
203940 204039
1159752 1159851
1159818 1159917
1160082 1160181
683562 683661
1160280 1160379
1636074 1636173
1160346 1160445
683694 683793
683826 683925
1636338 1636437
1636404 1636503
684024 684123
1160742 1160841
205062 205161
1636536 1636635
684156 684255
684222 684321
684288 684387
684354 684453
1161138 1161237
205524 205623
1637328 1637427
1161864 1161963
1161996 1162095
1637790 1637889
685410 685509
206646 206745
1162458 1162557
206778 206877
1638318 1638417
685938 686037
206976 207075
1162920 1163019
1163052 1163151
686400 686499
1163118 1163217
1639044 1639143
207768 207867
687060 687159
208098 208197
208362 208461
1164108 1164207
687390 687489
1639968 1640067
1164240 1164339
208890 208989
687918 688017
1640628 1640727
209154 209253
1164966 1165065
1165032 1165131
1640958 1641057
688578 688677
1641090 1641189
209748 209847
210012 210111
689106 689205
1165890 1165989
689172 689271
689238 689337
210276 210375
1641948 1642047
210540 210639
1166286 1166385
689568 689667
210606 210705
689634 689733
1642146 1642245
1166814 1166913
1166880 1166979
1167144 1167243
211530 211629
1643070 1643169
1167408 1167507
211728 211827
1643400 1643499
211992 212091
212124 212223
1167870 1167969
212256 212355
691416 691515
1168200 1168299
212520 212619
1644060 1644159
1169124 1169223
213576 213675
1645050 1645149
213708 213807
213774 213873
1645578 1645677
693198 693297
214368 214467
693396 693495
1170114 1170213
693462 693561
693990 694089
215028 215127
694254 694353
694386 694485
1171236 1171335
1647162 1647261
1171434 1171533
694782 694881
694914 695013
1171632 1171731
1647492 1647591
1171764 1171863
695112 695211
695178 695277
1647756 1647855
1172160 1172259
1647954 1648053
1172226 1172325
216744 216843
1648284 1648383
1648482 1648581
217074 217173
1172754 1172853
217404 217503
1648878 1648977
1649010 1649109
696828 696927
217932 218031
696894 696993
1173678 1173777
218130 218229
697158 697257
1173942 1174041
697356 697455
218526 218625
218592 218691
697686 697785
697884 697983
218988 219087
697950 698049
219054 219153
1174734 1174833
219120 219219
1174998 1175097
698544 698643
219714 219813
1651122 1651221
219780 219879
1175592 1175691
699072 699171
1176252 1176351
220770 220869
699798 699897
1651584 1651683
700326 700425
1177044 1177143
1651980 1652079
1177110 1177209
700656 700755
700920 701019
222024 222123
1177638 1177737
222090 222189
222156 222255
701118 701217
222288 222387
1177968 1178067
222420 222519
1653036 1653135
222618 222717
701646 701745
222750 222849
1178364 1178463
701712 701811
1178430 1178529
1178628 1178727
701976 702075
1178892 1178991
1178958 1179057
223410 223509
223674 223773
702636 702735
1179354 1179453
1654290 1654389
702900 702999
224004 224103
702966 703065
703032 703131
1179750 1179849
1179948 1180047
224400 224499
1655214 1655313
703692 703791
703758 703857
703824 703923
224994 225093
225060 225159
1655610 1655709
1655808 1655907
704286 704385
225456 225555
1656072 1656171
225654 225753
225720 225819
1656204 1656303
1181334 1181433
704748 704847
1181730 1181829
1181796 1181895
1181928 1182027
1182192 1182291
1657260 1657359
227040 227139
706134 706233
1657788 1657887
1657986 1658085
1183050 1183149
227568 227667
1658052 1658151
1183116 1183215
227766 227865
227832 227931
227898 227997
1183578 1183677
228228 228327
1658910 1659009
1184040 1184139
228624 228723
1659108 1659207
1184172 1184271
1659174 1659273
1184238 1184337
1659504 1659603
1659570 1659669
1184832 1184931
1659834 1659933
1185228 1185327
1185294 1185393
230142 230241
1660824 1660923
230604 230703
1186218 1186317
709698 709797
1186416 1186515
709962 710061
1187010 1187109
710622 710721
1662078 1662177
231792 231891
1187472 1187571
1662210 1662309
1662408 1662507
711084 711183
1187736 1187835
232188 232287
1187802 1187901
1662540 1662639
232254 232353
232452 232551
1662804 1662903
1188198 1188297
1188264 1188363
1188330 1188429
1188462 1188561
1188792 1188891
1188990 1189089
1663794 1663893
1663992 1664091
234036 234135
1664322 1664421
234234 234333
713328 713427
1664718 1664817
1190046 1190145
713526 713625
713658 713757
234762 234861
234828 234927
1190376 1190475
713790 713889
234894 234993
234960 235059
235158 235257
1190838 1190937
235554 235653
714516 714615
1666104 1666203
235950 236049
1666236 1666335
714978 715077
715440 715539
236874 236973
236940 237039
1192620 1192719
237072 237171
1667424 1667523
716100 716199
1192752 1192851
1193148 1193247
1193280 1193379
1668084 1668183
716760 716859
1668216 1668315
1668282 1668381
1668546 1668645
1194006 1194105
238722 238821
1194270 1194369
1669008 1669107
717618 717717
238788 238887
1669404 1669503
718014 718113
239184 239283
718212 718311
239316 239415
1669998 1670097
1195524 1195623
1195722 1195821
1195788 1195887
1670658 1670757
1196250 1196349
240702 240801
1196316 1196415
1671120 1671219
1671186 1671285
1671384 1671483
719730 719829
1196910 1197009
1671714 1671813
1671780 1671879
1671978 1672077
720258 720357
1197372 1197471
242352 242451
242418 242517
721050 721149
1672836 1672935
721116 721215
721182 721281
242682 242781
1198296 1198395
1673034 1673133
1198626 1198725
1198692 1198791
243144 243243
721842 721941
721974 722073
1673826 1673925
722238 722337
722436 722535
722568 722667
244266 244365
1199880 1199979
244332 244431
244596 244695
1200210 1200309
1675212 1675311
244926 245025
245058 245157
1675476 1675575
723822 723921
245388 245487
1675674 1675773
245850 245949
724416 724515
1676268 1676367
246048 246147
724680 724779
1676664 1676763
1201992 1202091
724944 725043
725142 725241
1677192 1677291
725538 725637
247104 247203
1677456 1677555
1202916 1203015
247566 247665
247698 247797
247896 247995
248028 248127
1678314 1678413
248094 248193
1203906 1204005
248358 248457
248490 248589
1678776 1678875
1204170 1204269
248688 248787
727254 727353
727452 727551
249414 249513
249546 249645
727980 728079
1679898 1679997
1205490 1205589
250272 250371
1680624 1680723
1205952 1206051
1680690 1680789
1206018 1206117
250470 250569
728970 729069
250668 250767
1206414 1206513
729300 729399
1681284 1681383
729498 729597
251130 251229
251328 251427
730092 730191
1682010 1682109
730554 730653
730686 730785
1682538 1682637
252450 252549
1208130 1208229
731082 731181
1682934 1683033
252846 252945
731346 731445
252978 253077
253110 253209
731544 731643
731610 731709
731676 731775
1208790 1208889
253374 253473
1683792 1683891
1209120 1209219
732006 732105
1209186 1209285
1684122 1684221
253902 254001
1684518 1684617
254298 254397
254430 254529
1684716 1684815
1684782 1684881
1210176 1210275
1684980 1685079
1685112 1685211
1210374 1210473
1685310 1685409
733590 733689
733722 733821
1211298 1211397
1211364 1211463
255420 255519
255552 255651
255684 255783
1211826 1211925
255948 256047
1212288 1212387
1686696 1686795
1686762 1686861
735306 735405
1686828 1686927
1687356 1687455
257004 257103
1213278 1213377
257202 257301
736164 736263
1687818 1687917
257400 257499
1687950 1688049
257796 257895
1213938 1214037
736758 736857
1214004 1214103
736824 736923
1214070 1214169
737022 737121
258192 258291
737154 737253
737352 737451
737418 737517
1689072 1689171
258720 258819
737682 737781
1215456 1215555
259446 259545
259578 259677
1215918 1216017
738936 739035
739464 739563
260634 260733
1216776 1216875
260832 260931
1217106 1217205
1217172 1217271
740190 740289
1217568 1217667
261756 261855
261822 261921
740784 740883
1218162 1218261
262416 262515
741444 741543
741510 741609
1218756 1218855
1218822 1218921
1219020 1219119
262944 263043
1693428 1693527
263208 263307
1693956 1694055
263736 263835
1220076 1220175
1220274 1220373
1694616 1694715
1220340 1220439
1220472 1220571
1220604 1220703
1695012 1695111
1220736 1220835
743556 743655
264660 264759
264792 264891
1221066 1221165
265056 265155
1221264 1221363
1221528 1221627
265716 265815
744612 744711
1696332 1696431
745008 745107
745140 745239
1696728 1696827
266442 266541
266574 266673
1696992 1697091
266640 266739
745602 745701
1697322 1697421
1223178 1223277
1697520 1697619
746064 746163
1697652 1697751
746328 746427
267564 267663
1697982 1698081
1698048 1698147
746592 746691
746724 746823
1698312 1698411
268290 268389
747252 747351
268422 268521
268686 268785
1699104 1699203
268884 268983
1699302 1699401
1225026 1225125
1225092 1225191
1699500 1699599
269148 269247
747978 748077
1225290 1225389
1699830 1699929
1699896 1699995
1699962 1700061
748440 748539
1700028 1700127
1700358 1700457
270072 270171
1226544 1226643
1701018 1701117
749628 749727
1701282 1701381
749760 749859
271062 271161
1227138 1227237
271128 271227
1227270 1227369
271524 271623
271656 271755
272052 272151
1228062 1228161
1228194 1228293
751014 751113
272382 272481
1702866 1702965
1702998 1703097
272712 272811
1228854 1228953
1228920 1229019
1703262 1703361
751806 751905
273174 273273
273306 273405
752202 752301
273504 273603
752532 752631
1229712 1229811
273702 273801
1704054 1704153
273768 273867
1229910 1230009
752862 752961
1704384 1704483
274230 274329
1230504 1230603
274494 274593
1704846 1704945
274626 274725
753588 753687
753720 753819
1230966 1231065
274956 275055
275088 275187
275286 275385
754248 754347
754644 754743
1231824 1231923
754776 754875
754842 754941
1706694 1706793
276540 276639
1706892 1706991
1232616 1232715
755172 755271
1232814 1232913
276870 276969
276936 277035
1707288 1707387
1233078 1233177
755634 755733
1233210 1233309
1707750 1707849
1707816 1707915
756030 756129
756162 756261
1233738 1233837
1708212 1708311
756426 756525
278058 278157
1234134 1234233
756624 756723
1234200 1234299
1708608 1708707
756822 756921
1234464 1234563
757086 757185
1234728 1234827
1709070 1709169
278916 279015
1709268 1709367
279246 279345
1709664 1709763
1709730 1709829
1235454 1235553
1709796 1709895
1709994 1710093
279774 279873
1235850 1235949
280038 280137
758538 758637
1710456 1710555
280170 280269
1236312 1236411
280368 280467
1710720 1710819
759264 759363
280764 280863
280830 280929
1711248 1711347
1236972 1237071
1237038 1237137
1711512 1711611
759792 759891
281292 281391
1237302 1237401
281424 281523
1237434 1237533
759990 760089
281622 281721
1712172 1712271
760452 760551
1238028 1238127
1712502 1712601
282150 282249
1238160 1238259
760782 760881
1712634 1712733
760980 761079
1712832 1712931
1238556 1238655
1712964 1713063
282612 282711
1713096 1713195
761376 761475
1238820 1238919
761442 761541
1713360 1713459
1238952 1239051
761706 761805
283272 283371
283668 283767
1239744 1239843
283800 283899
1240008 1240107
1714548 1714647
1714680 1714779
763026 763125
1240536 1240635
284592 284691
284790 284889
763356 763455
1715208 1715307
284856 284955
1715274 1715373
1241130 1241229
285318 285417
1241394 1241493
1241460 1241559
285516 285615
1715868 1715967
1241592 1241691
764214 764313
1241658 1241757
1716198 1716297
285912 286011
286176 286275
286440 286539
764940 765039
1242384 1242483
286572 286671
1716990 1717089
1242648 1242747
1242714 1242813
1242846 1242945
765534 765633
1243044 1243143
765666 765765
765798 765897
765864 765963
765930 766029
766128 766227
766194 766293
287826 287925
766524 766623
1718574 1718673
288354 288453
1718838 1718937
288618 288717
1244760 1244859
767712 767811
1719696 1719795
289476 289575
1720224 1720323
290004 290103
1246080 1246179
1246146 1246245
1246278 1246377
769032 769131
1246476 1246575
769164 769263
290928 291027
1720356 1720455
769494 769593
291192 291291
769692 769791
1720620 1720719
1247202 1247301
1720884 1720983
1720950 1721049
770286 770385
1248192 1248291
1721742 1721841
770880 770979
292446 292545
1248324 1248423
1248390 1248489
1722006 1722105
292710 292809
771210 771309
771276 771375
771474 771573
1722468 1722567
771606 771705
1722666 1722765
1722732 1722831
771870 771969
1722864 1722963
1722996 1723095
1723062 1723161
772332 772431
294030 294129
1723524 1723623
294360 294459
1723722 1723821
1250238 1250337
294690 294789
294756 294855
294888 294987
1250832 1250931
1250964 1251063
1251096 1251195
774114 774213
1251624 1251723
774378 774477
774444 774543
774510 774609
296076 296175
1725504 1725603
774708 774807
296340 296439
1252152 1252251
774774 774873
1725966 1726065
775434 775533
1252878 1252977
775632 775731
1253142 1253241
297396 297495
1726824 1726923
1726956 1727055
297594 297693
297660 297759
1253538 1253637
1727154 1727253
776490 776589
776688 776787
298320 298419
1254198 1254297
1727880 1727979
1728012 1728111
1728210 1728309
298980 299079
1254990 1255089
777678 777777
299310 299409
1728804 1728903
777876 777975
1729002 1729101
1255584 1255683
1729398 1729497
1729464 1729563
300102 300201
1256112 1256211
778734 778833
1729926 1730025
1256574 1256673
779130 779229
1730256 1730355
779262 779361
300960 301059
301092 301191
301158 301257
301290 301389
1257168 1257267
779724 779823
301422 301521
779856 779955
301554 301653
779922 780021
1257432 1257531
1730982 1731081
780054 780153
301884 301983
1257960 1258059
1258092 1258191
1258356 1258455
1731906 1732005
1731972 1732071
1258554 1258653
302808 302907
1732170 1732269
1258884 1258983
1259016 1259115
303270 303369
1259214 1259313
1259412 1259511
782034 782133
303732 303831
303864 303963
782232 782331
782298 782397
782562 782661
1260072 1260171
304326 304425
304524 304623
1260468 1260567
1260534 1260633
1734018 1734117
783156 783255
304920 305019
783222 783321
783618 783717
305514 305613
1734942 1735041
1261524 1261623
1261590 1261689
1261656 1261755
784278 784377
1262052 1262151
306372 306471
784674 784773
784872 784971
785004 785103
1735998 1736097
1736064 1736163
1262712 1262811
1262778 1262877
1736460 1736559
1263042 1263141
785532 785631
1263174 1263273
1263240 1263339
1737054 1737153
1263702 1263801
1737186 1737285
1737252 1737351
1264032 1264131
1737516 1737615
1737714 1737813
786918 787017
1737912 1738011
1738110 1738209
1738242 1738341
787314 787413
1738374 1738473
787512 787611
1738506 1738605
309342 309441
309408 309507
1265220 1265319
309606 309705
788172 788271
1265682 1265781
1265814 1265913
788370 788469
1739364 1739463
310266 310365
1739562 1739661
1266144 1266243
788700 788799
1266276 1266375
788832 788931
1740156 1740255
310926 311025
311058 311157
1740354 1740453
1740420 1740519
1267068 1267167
1740618 1740717
789690 789789
1740882 1740981
790020 790119
1741014 1741113
311784 311883
1267728 1267827
1741872 1741971
1742070 1742169
1742268 1742367
313104 313203
313170 313269
1742532 1742631
313368 313467
791670 791769
313434 313533
1742730 1742829
791802 791901
1742928 1743027
1269180 1269279
792330 792429
792396 792495
792462 792561
314226 314325
1743720 1743819
314556 314655
314622 314721
792924 793023
793056 793155
1270302 1270401
793254 793353
1744248 1744347
1744314 1744413
315150 315249
793584 793683
1271424 1271523
1271622 1271721
316338 316437
1271820 1271919
316668 316767
795036 795135
316866 316965
1746162 1746261
1746228 1746327
795366 795465
1272546 1272645
795498 795597
1746756 1746855
317526 317625
317658 317757
795894 795993
1746954 1747053
796092 796191
1273338 1273437
317988 318087
796356 796455
318186 318285
1273602 1273701
1747680 1747779
796818 796917
1747812 1747911
796950 797049
1748010 1748109
1274196 1274295
797280 797379
319044 319143
797346 797445
797676 797775
1274856 1274955
1274922 1275021
797808 797907
797874 797973
319638 319737
319704 319803
798072 798171
798402 798501
320166 320265
1749528 1749627
798666 798765
798798 798897
320628 320727
1749990 1750089
320826 320925
799128 799227
1276374 1276473
321024 321123
799524 799623
1750518 1750617
321288 321387
1750716 1750815
1276902 1277001
1277364 1277463
1277562 1277661
322212 322311
322278 322377
1277694 1277793
322344 322443
1751706 1751805
322542 322641
800778 800877
1278024 1278123
1751970 1752069
1278222 1278321
322872 322971
801108 801207
801240 801339
1278420 1278519
1752300 1752399
1278552 1278651
801504 801603
323268 323367
801702 801801
1752894 1752993
323928 324027
323994 324093
1753290 1753389
324258 324357
324324 324423
802758 802857
1280202 1280301
324852 324951
1280334 1280433
1280400 1280499
1754214 1754313
325116 325215
1754478 1754577
325248 325347
803682 803781
325644 325743
1755006 1755105
804144 804243
804276 804375
1755270 1755369
326106 326205
326502 326601
1755864 1755963
805002 805101
805134 805233
326832 326931
1281324 1281423
1756260 1756359
1281390 1281489
805596 805695
327294 327393
805794 805893
1281852 1281951
805860 805959
327558 327657
1756920 1757019
1282116 1282215
806124 806223
327756 327855
1757118 1757217
806190 806289
1282248 1282347
1282314 1282413
327954 328053
1282446 1282545
1282512 1282611
328350 328449
1282710 1282809
328416 328515
806850 806949
1758108 1758207
807180 807279
807510 807609
1283502 1283601
1758570 1758669
1758702 1758801
1758834 1758933
808104 808203
1759230 1759329
808302 808401
1759296 1759395
1759494 1759593
330198 330297
1759824 1759923
1760352 1760451
331056 331155
331122 331221
1285614 1285713
1285680 1285779
331386 331485
331518 331617
1761210 1761309
1286274 1286373
332112 332211
810744 810843
1286736 1286835
332574 332673
1761936 1762035
811074 811173
811140 811239
811338 811437
332970 333069
333168 333267
1762530 1762629
1287594 1287693
333300 333399
811866 811965
333762 333861
812328 812427
1763256 1763355
1763322 1763421
334026 334125
1288584 1288683
812724 812823
812790 812889
1763850 1763949
334686 334785
1289244 1289343
1289442 1289541
1764444 1764543
1289574 1289673
1289706 1289805
1764774 1764873
335544 335643
335676 335775
1764972 1765071
1290102 1290201
1290168 1290267
335874 335973
1290300 1290399
1765302 1765401
1290564 1290663
1765830 1765929
1766226 1766325
1291488 1291587
337194 337293
1291686 1291785
1766622 1766721
1291752 1291851
1766688 1766787
815826 815925
1291818 1291917
337524 337623
1766820 1766919
1291950 1292049
1767018 1767117
1292148 1292247
337788 337887
816222 816321
1292280 1292379
816354 816453
337986 338085
816420 816519
1292478 1292577
1292610 1292709
1292676 1292775
816816 816915
1767678 1767777
817476 817575
1293468 1293567
1293666 1293765
1293732 1293831
1293864 1293963
339900 339999
340164 340263
340230 340329
819522 819621
1295580 1295679
819984 820083
1296108 1296207
820446 820545
342144 342243
1771374 1771473
820644 820743
1296768 1296867
1771572 1771671
342672 342771
1771902 1772001
821304 821403
1297362 1297461
1297428 1297527
343068 343167
1297560 1297659
1298088 1298187
1298154 1298253
1773024 1773123
1773288 1773387
344190 344289
1773486 1773585
344388 344487
1773618 1773717
822888 822987
823086 823185
1299342 1299441
345180 345279
1299540 1299639
1774410 1774509
1774542 1774641
1299804 1299903
1774674 1774773
824472 824571
346104 346203
346170 346269
346236 346335
1775466 1775565
1300794 1300893
824868 824967
346632 346731
825066 825165
1301058 1301157
1301124 1301223
346830 346929
346896 346995
1301454 1301553
1301520 1301619
347358 347457
825792 825891
1301784 1301883
826254 826353
1301982 1302081
1302180 1302279
1777710 1777809
826980 827079
827046 827145
1778172 1778271
349074 349173
1778304 1778403
827640 827739
349338 349437
1778700 1778799
349536 349635
1303698 1303797
828168 828267
349866 349965
1779162 1779261
828432 828531
350196 350295
1304226 1304325
1304358 1304457
350394 350493
1779756 1779855
350658 350757
829356 829455
829488 829587
1305084 1305183
829554 829653
351384 351483
1305348 1305447
1305546 1305645
1780746 1780845
830148 830247
1781076 1781175
352044 352143
1781142 1781241
1306008 1306107
1781274 1781373
1781340 1781439
1306272 1306371
352638 352737
1781736 1781835
1306602 1306701
831138 831237
352770 352869
831402 831501
353034 353133
831468 831567
1306998 1307097
353166 353265
1782264 1782363
1307328 1307427
831864 831963
1307394 1307493
353496 353595
832062 832161
353826 353925
1782990 1783089
1783122 1783221
1308120 1308219
832722 832821
832920 833019
1783650 1783749
1783716 1783815
354684 354783
833184 833283
1308780 1308879
1308846 1308945
354948 355047
1308912 1309011
1784178 1784277
1784310 1784409
1309176 1309275
1784376 1784475
833712 833811
1309374 1309473
355476 355575
355542 355641
355740 355839
1309704 1309803
1309902 1310001
356070 356169
1309968 1310067
1785234 1785333
1310100 1310199
834636 834735
1785432 1785531
1310430 1310529
1785828 1785927
835428 835527
1310958 1311057
835494 835593
835560 835659
1786356 1786455
835758 835857
1311288 1311387
835824 835923
1311354 1311453
836088 836187
1311618 1311717
836286 836385
358050 358149
358182 358281
358248 358347
358314 358413
836814 836913
1787544 1787643
1312410 1312509
1787610 1787709
1787676 1787775
1312542 1312641
1787808 1787907
358776 358875
1787940 1788039
837474 837573
359172 359271
1788270 1788369
359304 359403
1788402 1788501
359370 359469
1313532 1313631
1313598 1313697
838200 838299
1313730 1313829
1789194 1789293
360294 360393
838728 838827
1314192 1314291
360360 360459
1789458 1789557
1789524 1789623
1314456 1314555
839058 839157
1789722 1789821
1789854 1789953
1314654 1314753
839256 839355
839652 839751
1790382 1790481
839784 839883
839916 840015
1790910 1791009
840246 840345
1790976 1791075
840378 840477
840576 840675
1791306 1791405
840642 840741
361218 361317
1791438 1791537
361482 361581
841038 841137
1316700 1316799
1316766 1316865
841302 841401
1792032 1792131
361944 362043
1316898 1316997
841566 841665
841698 841797
1792362 1792461
841830 841929
1317360 1317459
842028 842127
1317558 1317657
1792758 1792857
362670 362769
362736 362835
842226 842325
362802 362901
1793022 1793121
842490 842589
842622 842721
363330 363429
842820 842919
1793550 1793649
842952 843051
843084 843183
1793814 1793913
843282 843381
1318746 1318845
843546 843645
364254 364353
1794606 1794705
364518 364617
1319406 1319505
844140 844239
1319736 1319835
364848 364947
844536 844635
365310 365409
1795464 1795563
844998 845097
365574 365673
1795794 1795893
365706 365805
365772 365871
365838 365937
845394 845493
1796124 1796223
1796190 1796289
845526 845625
366102 366201
1320990 1321089
845658 845757
366234 366333
366366 366465
1321254 1321353
1796520 1796619
1321386 1321485
366762 366861
1321848 1321947
367026 367125
367158 367257
846648 846747
1322112 1322211
1797444 1797543
846912 847011
847044 847143
1322508 1322607
1322574 1322673
847308 847407
367884 367983
1798170 1798269
1322904 1323003
368148 368247
1798302 1798401
1798368 1798467
847704 847803
1323300 1323399
1798632 1798731
1798698 1798797
1323432 1323531
368610 368709
848100 848199
848166 848265
1798962 1799061
1799028 1799127
1323762 1323861
1799292 1799391
1799358 1799457
369336 369435
369534 369633
1799886 1799985
369996 370095
1800084 1800183
849816 849915
849948 850047
370524 370623
850146 850245
370722 370821
370788 370887
850542 850641
371184 371283
371316 371415
1801536 1801635
1326270 1326369
1801668 1801767
371580 371679
1801734 1801833
851400 851499
372042 372141
372174 372273
1802460 1802559
1327590 1327689
852324 852423
373098 373197
373428 373527
852918 853017
852984 853083
373560 373659
1328448 1328547
853116 853215
373692 373791
1328514 1328613
373890 373989
853380 853479
373956 374055
853512 853611
1804572 1804671
854106 854205
854370 854469
374946 375045
854436 854535
1805100 1805199
854502 854601
1329900 1329999
375210 375309
375276 375375
1805430 1805529
854766 854865
1330164 1330263
1330230 1330329
375474 375573
855228 855327
1330626 1330725
855294 855393
1806090 1806189
1330890 1330989
1330956 1331055
1331154 1331253
1806618 1806717
1806684 1806783
1806750 1806849
1806816 1806915
1331682 1331781
1331748 1331847
1331880 1331979
377256 377355
1332078 1332177
856746 856845
1807476 1807575
1807542 1807641
377520 377619
1332342 1332441
1807674 1807773
1332408 1332507
1807806 1807905
1332606 1332705
1332738 1332837
857472 857571
378246 378345
1808532 1808631
1333200 1333299
1333266 1333365
1333332 1333431
1808730 1808829
1333398 1333497
858330 858429
378906 379005
1333794 1333893
1333860 1333959
1333992 1334091
1809852 1809951
1334520 1334619
1810116 1810215
380094 380193
859848 859947
1335312 1335411
1810842 1810941
860442 860541
1811304 1811403
1811370 1811469
1811832 1811931
382074 382173
861960 862059
1337490 1337589
382404 382503
1812954 1813053
1337820 1337919
1813350 1813449
862752 862851
382998 383097
1813746 1813845
383328 383427
1338414 1338513
863214 863313
863346 863445
863412 863511
1814274 1814373
1814472 1814571
1814538 1814637
384186 384285
864006 864105
864138 864237
384384 384483
1815000 1815099
384648 384747
1815132 1815231
1339734 1339833
384780 384879
1339866 1339965
1339998 1340097
385044 385143
385110 385209
385176 385275
1815726 1815825
1816122 1816221
1816188 1816287
865524 865623
865590 865689
865722 865821
1816848 1816947
386364 386463
1816914 1817013
1817046 1817145
866646 866745
1817508 1817607
387156 387255
866976 867075
1817904 1818003
1342836 1342935
1818366 1818465
1343100 1343199
1343298 1343397
1818762 1818861
388410 388509
1343892 1343991
868626 868725
1819422 1819521
868692 868791
1344090 1344189
868758 868857
1344354 1344453
869022 869121
869088 869187
1819884 1819983
1819950 1820049
869220 869319
1820082 1820181
1345014 1345113
1345410 1345509
870078 870177
870210 870309
870276 870375
870342 870441
1345674 1345773
390918 391017
870606 870705
1821468 1821567
391116 391215
1821798 1821897
391380 391479
1821864 1821963
1346730 1346829
1346796 1346895
391842 391941
391908 392007
1822656 1822755
1347390 1347489
392634 392733
393162 393261
1823646 1823745
393426 393525
873048 873147
393492 393591
1348512 1348611
393690 393789
1349040 1349139
873972 874071
874038 874137
874104 874203
1825098 1825197
1825296 1825395
1825428 1825527
874698 874797
394746 394845
874962 875061
875094 875193
875358 875457
875424 875523
1826022 1826121
1826220 1826319
1351218 1351317
1826352 1826451
1351350 1351449
1351614 1351713
1826946 1827045
1351944 1352043
396726 396825
1827210 1827309
1827276 1827375
1352604 1352703
1827870 1827969
1353066 1353165
877800 877899
397782 397881
1353198 1353297
1828332 1828431
1353396 1353495
1353528 1353627
1828662 1828761
878394 878493
1828794 1828893
398508 398607
1354056 1354155
398706 398805
1354122 1354221
878988 879087
398970 399069
1354386 1354485
879318 879417
1829652 1829751
1354650 1354749
1829916 1830015
1830246 1830345
400026 400125
1355376 1355475
1831038 1831137
880770 880869
1831236 1831335
1831302 1831401
1356300 1356399
881166 881265
1831500 1831599
1831698 1831797
1356762 1356861
1831896 1831995
882024 882123
1357356 1357455
1832556 1832655
1832622 1832721
402336 402435
1357950 1358049
402666 402765
402798 402897
1833150 1833249
1358214 1358313
403128 403227
1358478 1358577
403194 403293
1833546 1833645
883278 883377
1358742 1358841
1358808 1358907
403590 403689
1834008 1834107
1359204 1359303
403920 404019
884136 884235
1359468 1359567
1359666 1359765
404448 404547
1360062 1360161
1835262 1835361
1835394 1835493
1360590 1360689
885390 885489
1835658 1835757
405240 405339
1360788 1360887
885588 885687
1360986 1361085
405504 405603
1361052 1361151
885918 886017
1836318 1836417
405966 406065
1361646 1361745
1836648 1836747
406296 406395
886776 886875
887106 887205
407088 407187
887304 887403
407352 407451
887634 887733
407550 407649
1363032 1363131
1838034 1838133
1363362 1363461
408012 408111
1838430 1838529
1363494 1363593
408210 408309
1838628 1838727
1363692 1363791
1363758 1363857
408342 408441
1364022 1364121
1364220 1364319
889020 889119
1364418 1364517
409002 409101
889218 889317
409200 409299
1839750 1839849
1839816 1839915
409464 409563
1839882 1839981
1840014 1840113
889944 890043
1840476 1840575
410124 410223
1365738 1365837
1365804 1365903
890604 890703
890670 890769
1841004 1841103
410652 410751
410718 410817
1841136 1841235
410850 410949
891198 891297
891264 891363
891330 891429
411312 411411
411444 411543
1366926 1367025
1841928 1842027
411642 411741
411774 411873
411906 412005
1367322 1367421
1367388 1367487
892122 892221
892188 892287
1842588 1842687
1367652 1367751
412368 412467
412500 412599
1842984 1843083
412764 412863
412896 412995
1843248 1843347
1843314 1843413
413094 413193
893178 893277
413160 413259
413226 413325
413292 413391
1843776 1843875
1368840 1368939
413490 413589
413688 413787
1844172 1844271
1844304 1844403
1844436 1844535
1369500 1369599
1844502 1844601
414282 414381
1844634 1844733
414348 414447
414414 414513
894432 894531
1844766 1844865
414480 414579
894498 894597
1844964 1845063
894696 894795
415206 415305
1845558 1845657
415338 415437
895422 895521
415734 415833
895752 895851
1371084 1371183
895950 896049
415998 416097
1371216 1371315
896016 896115
1371282 1371381
896214 896313
896346 896445
416394 416493
1371612 1371711
1846746 1846845
416592 416691
1371810 1371909
416856 416955
1847340 1847439
897270 897369
417384 417483
897336 897435
1372602 1372701
1847604 1847703
897864 897963
1373328 1373427
898128 898227
1848132 1848231
1373394 1373493
1848528 1848627
1373790 1373889
418638 418737
418704 418803
1848726 1848825
898920 899019
1374186 1374285
1374582 1374681
419430 419529
419628 419727
419826 419925
419892 419991
1849914 1850013
1849980 1850079
900108 900207
1850310 1850409
900504 900603
1375770 1375869
1851168 1851267
1851234 1851333
901362 901461
421542 421641
901626 901725
1851696 1851795
902022 902121
902352 902451
902484 902583
422598 422697
902550 902649
1852620 1852719
902748 902847
903210 903309
1853412 1853511
1853544 1853643
423588 423687
1853808 1853907
1853874 1853973
1379268 1379367
904068 904167
1854270 1854369
1379532 1379631
1854402 1854501
1379664 1379763
1379730 1379829
1854864 1854963
425304 425403
1855260 1855359
905520 905619
905652 905751
425898 425997
1855986 1856085
905982 906081
426426 426525
1856778 1856877
1382106 1382205
427020 427119
907038 907137
1857174 1857273
1382436 1382535
1857240 1857339
1382568 1382667
1382634 1382733
427482 427581
1857438 1857537
427746 427845
1857900 1857999
908028 908127
1383360 1383459
1383756 1383855
1858494 1858593
908754 908853
1859022 1859121
1859088 1859187
909150 909249
1859352 1859451
909414 909513
1859418 1859517
1859484 1859583
1384812 1384911
909942 910041
910074 910173
430188 430287
1859814 1859913
910404 910503
1860012 1860111
1860078 1860177
910668 910767
1385472 1385571
1385604 1385703
910998 911097
911130 911229
911526 911625
431640 431739
911658 911757
1861266 1861365
1861332 1861431
911922 912021
911988 912087
1386792 1386891
432300 432399
912186 912285
1386990 1387089
912516 912615
912582 912681
1862058 1862157
1387452 1387551
432960 433059
912846 912945
913110 913209
1862652 1862751
1387914 1388013
1862784 1862883
433554 433653
433620 433719
433686 433785
1863048 1863147
1863114 1863213
433818 433917
913704 913803
913836 913935
434346 434445
1388904 1389003
434676 434775
1389300 1389399
434874 434973
1389564 1389663
914892 914991
1389630 1389729
914958 915057
1864500 1864599
435468 435567
435798 435897
1865754 1865853
436458 436557
1391016 1391115
916410 916509
1866018 1866117
916542 916641
436854 436953
916740 916839
916872 916971
437118 437217
917004 917103
1866546 1866645
1866810 1866909
437514 437613
917466 917565
1867008 1867107
1392336 1392435
437976 438075
1392666 1392765
438174 438273
438240 438339
1867536 1867635
1392798 1392897
438438 438537
918456 918555
1393392 1393491
1393458 1393557
439032 439131
1393590 1393689
1393656 1393755
1868526 1868625
1393788 1393887
439296 439395
1868724 1868823
439494 439593
1868790 1868889
1394052 1394151
1868856 1868955
1394118 1394217
919512 919611
440154 440253
919974 920073
920436 920535
440946 441045
1395702 1395801
1395834 1395933
1870704 1870803
1395966 1396065
921228 921327
1871034 1871133
1871100 1871199
441870 441969
1396560 1396659
921822 921921
1871430 1871529
1396956 1397055
1871760 1871859
442596 442695
922284 922383
922350 922449
1872024 1872123
922482 922581
1397352 1397451
1872156 1872255
442992 443091
1872288 1872387
1872486 1872585
1397748 1397847
443454 443553
443784 443883
923538 923637
1398408 1398507
1873278 1873377
923934 924033
1873806 1873905
1399134 1399233
444642 444741
444708 444807
1873938 1874037
1874202 1874301
1874268 1874367
924726 924825
1874466 1874565
1874532 1874631
925188 925287
1400256 1400355
446028 446127
1875258 1875357
925716 925815
1875588 1875687
926112 926211
1401048 1401147
1401114 1401213
926442 926541
926508 926607
1401378 1401477
447084 447183
447348 447447
447414 447513
1876644 1876743
927234 927333
1876908 1877007
927432 927531
447876 447975
1877304 1877403
448206 448305
927960 928059
1402962 1403061
1403226 1403325
448800 448899
448866 448965
1878096 1878195
1403424 1403523
1403556 1403655
449394 449493
1878558 1878657
1878624 1878723
1878690 1878789
1878954 1879053
449856 449955
449922 450021
929808 929907
450384 450483
1404876 1404975
1404942 1405041
450516 450615
1879746 1879845
450648 450747
930270 930369
450714 450813
1879878 1879977
450846 450945
1405338 1405437
1405404 1405503
1880076 1880175
451044 451143
1405800 1405899
931062 931161
1405998 1406097
451638 451737
1880934 1881033
1881000 1881099
1881066 1881165
1881264 1881363
931920 932019
932052 932151
452562 452661
1407120 1407219
1407252 1407351
1881924 1882023
452826 452925
1881990 1882089
1882188 1882287
453090 453189
932844 932943
1408110 1408209
933240 933339
933306 933405
1882452 1882551
1882518 1882617
454014 454113
933636 933735
1882848 1882947
1408968 1409067
1409232 1409331
934494 934593
1409760 1409859
935022 935121
935088 935187
1410090 1410189
935154 935253
455664 455763
1410354 1410453
456060 456159
935682 935781
1410684 1410783
1884894 1884993
935814 935913
456258 456357
1885026 1885125
935946 936045
936342 936441
1885488 1885587
1411410 1411509
1411542 1411641
1885752 1885851
457182 457281
457446 457545
1412004 1412103
457512 457611
1886940 1887039
1887006 1887105
938058 938157
458766 458865
938388 938487
1887600 1887699
1413456 1413555
938586 938685
938718 938817
459162 459261
1887930 1888029
1888194 1888293
1413984 1414083
939048 939147
459492 459591
1888260 1888359
939114 939213
1888392 1888491
459690 459789
1414380 1414479
939444 939543
1888656 1888755
939708 939807
1889118 1889217
1889250 1889349
1415106 1415205
1415370 1415469
1415568 1415667
461076 461175
1889910 1890009
940764 940863
461340 461439
941028 941127
1416096 1416195
1416228 1416327
1416294 1416393
462066 462165
1891032 1891131
1891362 1891461
1891428 1891527
1891560 1891659
1417350 1417449
462990 463089
1417548 1417647
942612 942711
463122 463221
942678 942777
463188 463287
1892022 1892121
463320 463419
463386 463485
942942 943041
463452 463551
463782 463881
1418406 1418505
1892682 1892781
943536 943635
943668 943767
1893012 1893111
1418868 1418967
943932 944031
1419066 1419165
1419132 1419231
944196 944295
1893474 1893573
944460 944559
1894068 1894167
465432 465531
1420254 1420353
1894596 1894695
944922 945021
1894860 1894959
945120 945219
466224 466323
1895190 1895289
1895322 1895421
466422 466521
1420980 1421079
1421442 1421541
467544 467643
946704 946803
1896840 1896939
1422366 1422465
1422432 1422531
1422498 1422597
468204 468303
1422696 1422795
1422762 1422861
947562 947661
1897566 1897665
947760 947859
1897632 1897731
947826 947925
1897896 1897995
469062 469161
1898028 1898127
1898094 1898193
1898292 1898391
1423818 1423917
469590 469689
1424082 1424181
1898622 1898721
948948 949047
949344 949443
1899348 1899447
1899414 1899513
1424940 1425039
1425138 1425237
949806 949905
1425204 1425303
1425402 1425501
1900008 1900107
1425468 1425567
471174 471273
471240 471339
950730 950829
1900866 1900965
1900932 1901031
1426392 1426491
1900998 1901097
1901064 1901163
472230 472329
951192 951291
1901262 1901361
1426854 1426953
1426986 1427085
951720 951819
1427514 1427613
1427844 1427943
1427976 1428075
473682 473781
1428042 1428141
1428108 1428207
952776 952875
474012 474111
474078 474177
474144 474243
953106 953205
1903044 1903143
474210 474309
953238 953337
1903242 1903341
1903374 1903473
1903440 1903539
474606 474705
1903506 1903605
474672 474771
953700 953799
474870 474969
953832 953931
1429428 1429527
1903968 1904067
1904034 1904133
1904100 1904199
475926 476025
1904826 1904925
476124 476223
1905156 1905255
476322 476421
1905354 1905453
476718 476817
1905618 1905717
476784 476883
1905750 1905849
1906278 1906377
1906410 1906509
1907400 1907499
1907466 1907565
1907664 1907763
