99305 99868
99305 99868
139152 139254
142367 142468
142367 142468
166267 166339
166267 166339
181141 181254
182522 182603
182522 182603
218140 219145
218140 219145
1 813184
9583 9666
9583 9666
36398 36488
88190 88277
88190 88277
197494 197567
197494 197567
197629 197699
197629 197699
227075 227156
227075 227156
266378 266450
266378 266450
307185 307345
307185 307345
307587 308887
307587 308887
326792 326865
326792 326865
347603 347686
347603 347686
350827 350898
350827 350898
405878 405949
405878 405949
405960 406031
405960 406031
643007 643078
643007 643078
645167 645238
645167 645238
680688 681862
680688 681862
1 316620
2126 2566
2126 2566
2824 3750
2824 3750
82462 82533
82462 82533
90859 90972
107504 107712
107504 107712
123577 123648
123577 123648
127716 127789
127716 127789
142364 142546
142364 142546
142701 142771
142701 142771
149920 149991
149920 149991
151284 151356
151284 151356
168301 168372
168301 168372
177183 177282
177183 177282
178610 178798
178610 178798
227942 228042
295484 295556
295484 295556
1 1531933
83548 83618
83548 83618
323217 323471
323217 323471
359577 359672
410379 410451
410379 410451
434264 434336
434264 434336
437772 437853
437772 437853
488797 488870
488797 488870
519743 519826
519743 519826
520972 521043
520972 521043
541602 541700
541602 541700
568882 568953
568882 568953
568964 569035
568964 569035
619969 620041
619969 620041
645153 645224
645153 645224
668007 668080
668007 668080
721071 721481
802731 802802
802731 802802
884361 884493
946312 946400
980974 981055
980974 981055
992832 992902
992832 992902
1017207 1017278
1017207 1017278
1075472 1075544
1075472 1075544
1095370 1095461
1150842 1150941
1150842 1150941
1175829 1175901
1175829 1175901
1201750 1201822
1201750 1201822
1257008 1257079
1257008 1257079
1305630 1305712
1305630 1305712
1352466 1352538
1352466 1352538
1402919 1403042
1402919 1403042
1461715 1461829
1492477 1493026
1492477 1493026
1 576874
52150 52320
52150 52320
61352 61433
61352 61433
61699 61789
61699 61789
61890 61960
61890 61960
86604 86685
86604 86685
100133 100204
100133 100204
117667 118035
117667 118035
131082 131153
131082 131153
135425 135497
135425 135497
138666 138737
138666 138737
167427 167586
167427 167586
177099 177170
177099 177170
207357 207428
207357 207428
250286 250357
250286 250357
288443 288524
288443 288524
312023 312095
312023 312095
322212 322762
322212 322762
354934 355005
354934 355005
375215 377614
424698 424883
424698 424883
431129 431220
431129 431220
434541 434612
434541 434612
435752 435824
435752 435824
438700 438773
438700 438773
441987 442508
441987 442508
443202 443275
443202 443275
469457 469530
469457 469530
487331 487402
487331 487402
492352 492424
492352 492424
551285 551358
551285 551358
1 270161
14305 15431
14305 15431
57815 58521
57815 58521
101376 101478
131061 131503
131061 131503
137486 137559
137486 137559
157916 158007
162228 162298
162228 162298
167437 167525
180974 181044
180974 181044
191513 191613
199299 199813
199299 199813
204924 204996
204924 204996
210619 210707
221714 221967
221714 221967
226688 226760
226688 226760
1 1090940
33109 35013
33109 35013
73829 73902
73829 73902
110625 110696
110625 110696
115488 115583
122269 122341
122269 122341
141898 144120
141898 144120
185714 185786
185714 185786
205521 205634
287350 287455
316788 317055
316788 317055
319781 319852
319781 319852
328583 328654
328583 328654
345986 346230
345986 346230
365163 365251
365163 365251
366374 366469
366374 366469
401527 401598
401527 401598
405470 405541
405470 405541
412294 412367
412294 412367
423092 423205
440716 440807
531610 531681
531610 531681
541850 541921
541850 541921
544577 544648
544577 544648
545370 545566
545370 545566
561662 561743
561662 561743
609584 609696
609584 609696
661749 661820
661749 661820
700675 700756
700675 700756
700953 701048
707108 707179
707108 707179
731137 731210
731137 731210
736340 736411
736340 736411
739122 739195
739122 739195
774349 774421
774349 774421
779616 779687
779616 779687
794417 794489
794417 794489
823482 823555
823482 823555
828723 828794
828723 828794
845649 845719
845649 845719
857378 857491
876394 876466
876394 876466
878710 878815
930953 931023
930953 931023
939459 939672
939459 939672
939494 939672
939494 939672
1004216 1004287
1004216 1004287
1 562643
62755 62826
62755 62826
85298 85371
85298 85371
116107 116179
116107 116179
133026 133107
133026 133107
134321 134392
134321 134392
146242 146314
146242 146314
212409 213118
212409 213118
214407 215116
214407 215116
237848 237939
358478 358569
381540 381727
381540 381727
388893 388995
411228 411317
411228 411317
466990 467061
466990 467061
475706 475778
475706 475778
1 439888
9183 9500
9183 9500
9469 9696
9469 9696
19515 19844
19515 19844
19847 21220
19847 21220
29032 30048
97111 97246
97111 97246
175031 175103
175031 175103
183440 183513
183440 183513
197592 197663
197592 197663
210665 210738
210665 210738
248850 248931
248850 248931
300228 300300
300228 300300
324303 324374
324303 324374
325748 325820
325748 325820
336349 336420
336349 336420
370417 370488
370417 370488
393884 397082
393884 397082
395999 396939
395999 396939
437043 438179
1 745751
59100 59172
59100 59172
115939 116010
115939 116010
139566 139691
139566 139691
139761 139950
139761 139950
197313 197385
197313 197385
204735 204806
204735 204806
228094 228479
228094 228479
233939 234011
233939 234011
349130 349233
349130 349233
354244 354332
355374 355445
355374 355445
355456 355527
355456 355527
374424 374495
374424 374495
374506 374577
374506 374577
378360 378433
378360 378433
391043 391115
391043 391115
396726 396796
396726 396796
414966 415038
414966 415038
415931 416036
422937 423009
422937 423009
424432 424515
424432 424515
517813 517884
517813 517884
524012 524093
524012 524093
531828 531898
531828 531898
538555 538626
538555 538626
541508 541579
541508 541579
542956 543044
605936 607424
605936 607424
617919 618019
663749 663942
663749 663942
1 666816
38811 38911
38811 38911
46735 46806
46735 46806
74624 74697
74624 74697
84208 84291
84208 84291
141018 141089
141018 141089
162487 162558
162487 162558
202999 203071
202999 203071
219895 219967
219895 219967
283185 283279
283185 283279
302918 303023
308144 308217
308144 308217
313401 313472
313401 313472
364776 364876
364776 364876
379680 379753
379680 379753
431030 431138
431030 431138
458557 458670
490968 491040
490968 491040
513332 513403
513332 513403
517988 518060
517988 518060
559016 559366
559016 559366
578965 579060
1 1078177
92548 92650
112234 112545
112234 112545
112847 115993
112847 115993
167944 168025
167944 168025
198784 199389
198784 199389
214883 214955
214883 214955
348427 348510
348427 348510
366235 366346
366235 366346
374355 374427
374355 374427
427132 427203
427132 427203
448650 448721
448650 448721
451575 458432
451575 458432
451575 451785
451575 451785
451786 455181
451786 455181
455182 455413
455182 455413
455414 455571
455414 455571
455572 455932
455572 455932
455933 457732
455933 457732
457733 458432
457733 458432
459676 459796
459676 459796
460712 467569
460712 467569
460712 460922
460712 460922
460923 464318
460923 464318
464319 464550
464319 464550
464551 464708
464551 464708
464709 465069
464709 465069
465070 466869
465070 466869
466870 467569
466870 467569
468813 468931
468813 468931
472465 472583
472465 472583
482045 482163
482045 482163
485697 485815
485697 485815
489349 489469
489349 489469
592519 592619
605300 605432
628383 628497
656934 657006
656934 657006
687859 687932
687859 687932
732090 732190
734802 734875
734802 734875
784354 784453
793918 793989
793918 793989
794486 794575
794486 794575
794697 794794
794697 794794
794937 795024
794937 795024
797178 797249
797178 797249
818609 818680
818609 818680
856710 856920
856710 856920
875376 875471
899180 899382
899180 899382
962972 963055
962972 963055
975983 976056
975983 976056
1052071 1052144
1052071 1052144
1 924431
67768 67938
67768 67938
91970 92027
91970 92027
131825 131896
131825 131896
163535 163620
163535 163620
168795 168883
183898 183968
183898 183968
196068 196170
259158 259239
259158 259239
290801 290872
290801 290872
297278 297364
297278 297364
297506 297593
297506 297593
297725 297833
297725 297833
297918 298006
297918 298006
298138 298225
298138 298225
298307 298412
298307 298412
298554 298651
298554 298651
321147 321219
321147 321219
352280 352370
363064 363135
363064 363135
372445 372518
372445 372518
379303 379408
420588 420661
420588 420661
463554 463625
463554 463625
480621 480693
480621 480693
499984 500072
499984 500072
504895 505008
572883 572955
572883 572955
586636 586709
586636 586709
626349 626654
626349 626654
652275 652532
652275 652532
667288 667456
667288 667456
747892 747963
747892 747963
762110 763113
762110 763113
768369 768441
768369 768441
808246 808317
808246 808317
837928 838016
1 784333
89210 89306
89210 89306
96241 96312
96241 96312
102716 102789
102716 102789
104805 104877
104805 104877
230105 230672
230105 230672
374869 374959
443006 443119
519099 519169
519099 519169
547094 547196
560693 560765
560693 560765
568115 568217
569867 569940
569867 569940
585587 585926
585587 585926
586090 586175
586090 586175
602312 602385
602312 602385
631846 631917
631846 631917
632599 632672
632599 632672
716120 716284
716120 716284
721938 722211
721938 722211
726134 726217
726134 726217
1 1091291
36822 38567
110962 111033
110962 111033
113802 113874
113802 113874
136088 136183
136088 136183
226611 226681
226611 226681
228331 228404
228331 228404
234346 234546
234346 234546
259489 259578
259489 259578
274673 274773
282164 282234
282164 282234
288192 288280
301097 301198
340299 340371
340299 340371
354041 354113
354041 354113
389213 389422
407948 408134
407948 408134
409765 409864
409765 409864
438643 438738
464450 464551
487439 487512
487439 487512
571958 572029
571958 572029
594354 594425
594354 594425
663812 663885
663812 663885
680685 680866
680685 680866
710201 710272
710201 710272
759326 759529
759326 759529
780107 780596
780107 780596
832332 832521
832332 832521
841958 842182
841958 842182
842403 842606
842403 842606
854187 854259
854187 854259
976421 976493
976421 976493
980683 980787
1 948066
17948 18385
17948 18385
18369 19079
18369 19079
56169 56274
173827 173904
173827 173904
210192 210263
210192 210263
281056 281517
281056 281517
338848 338919
338848 338919
435893 435964
435893 435964
560198 560289
572269 572339
572269 572339
582062 582134
582062 582134
622540 622631
689565 689646
689565 689646
718700 718806
718700 718806
718887 719050
718887 719050
719148 719242
719148 719242
744284 744355
744284 744355
769207 769302
775765 775836
775765 775836
810676 810749
810676 810749
819529 819602
819529 819602
821732 821903
821732 821903
856902 856974
856902 856974
860379 860449
860379 860449
880296 880369
880296 880369
1 85779
731 802
731 802
6546 8194
6546 8194
9374 9447
9374 9447
13818 26701
13818 23167
13818 21935
13818 19996
13818 18830
13818 16322
24156 25255
27666 27812
28487 29266
35373 35444
35373 35444
36540 43647
36540 42251
36540 40265
36540 38579
46723 46953
48201 48290
48201 48290
48901 50097
58009 62447
61022 61729
63862 63937
63862 63937
64415 64490
64415 64490
64596 64670
64596 64670
66095 66179
66095 66179
66210 66285
66210 66285
67061 67134
67061 67134
67309 67381
67309 67381
67468 67542
67468 67542
68322 68396
68322 68396
69203 69288
69203 69288
69289 69362
69289 69362
69846 69921
69846 69921
70162 70237
70162 70237
70824 70907
70824 70907
71433 71503
71433 71503
72630 72705
72630 72705
73758 74513
74495 75984
77431 77505
77431 77505
78089 78162
78089 78162
78533 78608
78533 78608
79213 80022
85035 85112
85035 85112
85295 85777
85295 85777