864270 864369
1296372 1296471
264 363
1296636 1296735
432432 432531
1296834 1296933
864732 864831
432696 432795
864864 864963
865128 865227
1297296 1297395
865260 865359
1056 1155
433224 433323
1122 1221
1188 1287
865458 865557
1298088 1298187
865986 866085
433950 434049
1298220 1298319
866382 866481
434412 434511
1298748 1298847
434544 434643
1298946 1299045
1299012 1299111
1299144 1299243
867174 867273
2970 3069
867372 867471
3168 3267
3234 3333
1299672 1299771
3366 3465
1299738 1299837
867768 867867
1299936 1300035
867966 868065
3828 3927
1300266 1300365
436128 436227
1300332 1300431
868230 868329
4026 4125
436194 436293
1300464 1300563
1300662 1300761
868692 868791
1300794 1300893
436656 436755
1300926 1301025
868890 868989
4752 4851
436920 437019
869220 869319
1301388 1301487
5148 5247
437316 437415
1301586 1301685
437580 437679
5478 5577
437844 437943
1301982 1302081
437910 438009
1302114 1302213
1302180 1302279
5940 6039
438108 438207
870342 870441
870408 870507
6204 6303
6270 6369
6402 6501
438570 438669
870672 870771
6534 6633
1302840 1302939
6600 6699
870870 870969
6666 6765
871002 871101
6864 6963
6996 7095
439164 439263
7128 7227
1303434 1303533
439296 439395
1303830 1303929
439692 439791
871926 872025
1304160 1304259
872124 872223
1304292 1304391
872256 872355
872388 872487
872454 872553
8316 8415
872520 872619
440484 440583
8382 8481
1304688 1304787
8448 8547
440814 440913
8712 8811
8778 8877
1305084 1305183
440946 441045
8910 9009
9108 9207
9240 9339
9372 9471
441474 441573
873576 873675
441672 441771
873840 873939
1306008 1306107
9768 9867
9834 9933
10032 10131
442200 442299
1306404 1306503
442266 442365
10164 10263
874368 874467
1306536 1306635
10362 10461
874764 874863
874830 874929
442794 442893
1307130 1307229
10890 10989
1307196 1307295
11022 11121
11154 11253
443322 443421
11286 11385
11352 11451
443586 443685
1307856 1307955
1307922 1308021
875754 875853
11682 11781
875820 875919
1308054 1308153
875886 875985
444048 444147
876150 876249
444180 444279
876414 876513
876480 876579
12408 12507
444510 444609
876612 876711
1308846 1308945
12606 12705
1309110 1309209
876942 877041
444972 445071
1309242 1309341
13068 13167
1309374 1309473
13200 13299
445302 445401
877404 877503
445500 445599
445632 445731
13728 13827
877866 877965
1310298 1310397
1310364 1310463
446160 446259
1310430 1310529
14256 14355
878526 878625
1310826 1310925
14586 14685
446952 447051
14916 15015
1311288 1311387
879318 879417
879780 879879
15774 15873
15906 16005
16038 16137
16236 16335
16434 16533
16500 16599
880572 880671
16764 16863
880770 880869
1313136 1313235
16830 16929
880836 880935
449064 449163
881034 881133
1313400 1313499
881232 881331
17358 17457
449460 449559
17490 17589
1313994 1314093
1314192 1314291
881826 881925
450384 450483
18348 18447
18480 18579
882024 882123
450582 450681
450780 450879
882420 882519
19008 19107
1315314 1315413
19074 19173
882618 882717
451308 451407
19272 19371
451374 451473
451440 451539
1315776 1315875
1315842 1315941
19602 19701
883278 883377
1316106 1316205
19866 19965
19998 20097
452100 452199
883608 883707
1316502 1316601
452364 452463
1316766 1316865
1316898 1316997
452694 452793
452760 452859
1317030 1317129
453024 453123
884598 884697
1317426 1317525
453222 453321
21252 21351
1317624 1317723
453420 453519
453618 453717
453750 453849
21714 21813
453948 454047
885456 885555
885522 885621
454212 454311
885720 885819
1318812 1318911
886116 886215
1318878 1318977
454674 454773
454872 454971
1319208 1319307
886512 886611
23034 23133
455136 455235
23166 23265
886776 886875
455268 455367
23232 23331
23298 23397
455400 455499
886908 887007
23430 23529
1319802 1319901
887238 887337
23760 23859
1320132 1320231
887436 887535
1320330 1320429
887568 887667
887634 887733
456192 456291
1320462 1320561
1320594 1320693
887898 887997
24684 24783
888360 888459
888426 888525
888492 888591
25014 25113
25080 25179
888558 888657
25278 25377
25410 25509
457446 457545
1321716 1321815
889020 889119
457644 457743
889218 889317
25740 25839
457842 457941
25872 25971
26004 26103
889548 889647
458238 458337
1322640 1322739
889878 889977
458436 458535
26532 26631
1322904 1323003
26730 26829
458964 459063
1323234 1323333
459096 459195
1323366 1323465
1323498 1323597
890736 890835
1323630 1323729
1323696 1323795
1323762 1323861
459492 459591
891066 891165
27588 27687
891198 891297
27654 27753
27720 27819
891330 891429
1324290 1324389
891528 891627
460218 460317
28182 28281
460350 460449
28578 28677
28644 28743
1325082 1325181
460878 460977
1325214 1325313
461010 461109
892716 892815
461208 461307
29172 29271
1325676 1325775
461406 461505
29370 29469
29436 29535
1325808 1325907
29568 29667
893442 893541
1326270 1326369
893508 893607
29964 30063
30030 30129
1326402 1326501
893904 894003
30558 30657
1326930 1327029
894234 894333
1327062 1327161
462924 463023
30954 31053
894498 894597
462990 463089
463056 463155
1327392 1327491
31152 31251
463188 463287
894762 894861
894828 894927
1327722 1327821
463452 463551
895026 895125
463584 463683
1327986 1328085
31680 31779
1328052 1328151
31812 31911
895488 895587
1328580 1328679
895818 895917
1328778 1328877
32538 32637
1329042 1329141
1329108 1329207
896346 896445
32868 32967
465036 465135
33000 33099
1329372 1329471
465300 465399
33264 33363
33396 33495
1329900 1329999
33660 33759
465960 466059
897468 897567
33990 34089
34056 34155
466224 466323
897732 897831
1330560 1330659
34320 34419
466554 466653
34518 34617
466620 466719
898194 898293
466752 466851
898260 898359
1331154 1331253
1331220 1331319
898590 898689
898656 898755
898722 898821
898788 898887
467346 467445
898920 899019
467478 467577
1332012 1332111
468006 468105
468072 468171
899646 899745
1332540 1332639
899712 899811
36300 36399
899910 900009
36366 36465
1333002 1333101
36630 36729
1333200 1333299
468930 469029
468996 469095
37026 37125
1333464 1333563
469194 469293
1333530 1333629
900702 900801
1333662 1333761
37290 37389
900834 900933
37356 37455
900900 900999
469458 469557
901032 901131
1334190 1334289
901362 901461
1334256 1334355
37884 37983
37950 38049
901494 901593
38082 38181
901626 901725
1334520 1334619
470316 470415
38280 38379
470382 470481
470448 470547
901956 902055
470514 470613
902088 902187
902154 902253
470712 470811
902286 902385
38874 38973
39006 39105
39072 39171
1335576 1335675
39204 39303
1335642 1335741
39270 39369
902880 902979
39336 39435
1335972 1336071
471834 471933
472032 472131
39996 40095
40128 40227
903738 903837
472494 472593
472626 472725
40590 40689
472758 472857
472824 472923
472956 473055
904530 904629
473154 473253
41052 41151
904662 904761
473220 473319
1337622 1337721
904926 905025
904992 905091
41646 41745
473814 473913
1338084 1338183
473880 473979
41778 41877
41844 41943
1338282 1338381
474012 474111
41976 42075
474276 474375
905982 906081
474540 474639
906114 906213
42570 42669
474804 474903
1339074 1339173
906444 906543
42900 42999
906708 906807
1339536 1339635
906774 906873
43362 43461
475530 475629
1339866 1339965
1339932 1340031
475728 475827
1340064 1340163
475860 475959
907368 907467
907566 907665
907632 907731
44220 44319
907896 907995
44286 44385
1340790 1340889
908028 908127
476652 476751
476850 476949
476916 477015
908424 908523
1341252 1341351
908688 908787
45144 45243
909216 909315
477774 477873
45804 45903
46068 46167
1342572 1342671
909810 909909
478368 478467
478434 478533
1342770 1342869
910008 910107
46464 46563
1343034 1343133
910272 910371
478830 478929
46794 46893
478962 479061
46926 47025
479028 479127
47058 47157
1343430 1343529
910800 910899
1343562 1343661
910866 910965
479358 479457
910932 911031
479424 479523
479622 479721
479688 479787
1343958 1344057
1344024 1344123
47718 47817
1344090 1344189
1344156 1344255
1344222 1344321
480018 480117
48114 48213
48246 48345
48312 48411
911922 912021
48378 48477
1344816 1344915
480678 480777
48774 48873
912384 912483
480942 481041
1345278 1345377
912582 912681
1345410 1345509
912714 912813
1345542 1345641
1345740 1345839
481602 481701
481800 481899
49764 49863
49830 49929
50028 50127
482064 482163
50292 50391
1346730 1346829
50556 50655
482394 482493
1347060 1347159
914364 914463
1347324 1347423
1347390 1347489
483054 483153
483186 483285
51414 51513
51480 51579
915156 915255
1347984 1348083
51678 51777
51744 51843
1348248 1348347
483714 483813
915618 915717
52074 52173
1348446 1348545
52206 52305
916212 916311
484440 484539
52800 52899
484572 484671
1349172 1349271
916608 916707
484836 484935
916740 916839
484968 485067
916872 916971
53328 53427
485100 485199
485166 485265
917004 917103
53592 53691
917202 917301
53724 53823
917334 917433
53790 53889
917400 917499
485694 485793
917664 917763
54120 54219
1350096 1350195
54384 54483
486222 486321
54714 54813
918324 918423
486486 486585
486684 486783
918720 918819
55242 55341
487014 487113
55374 55473
55440 55539
55506 55605
919182 919281
919248 919347
55704 55803
55770 55869
55836 55935
55968 56067
1351878 1351977
919644 919743
487806 487905
56166 56265
56232 56331
919842 919941
56298 56397
488136 488235
56628 56727
920172 920271
488466 488565
1352670 1352769
56826 56925
488598 488697
1352736 1352835
488664 488763
57024 57123
488796 488895
488862 488961
57156 57255
488928 489027
920832 920931
57420 57519
57552 57651
921162 921261
57882 57981
489654 489753
489786 489885
1353924 1354023
921756 921855
489984 490083
58278 58377
921954 922053
922350 922449
490578 490677
922416 922515
922614 922713
922746 922845
490974 491073
491106 491205
922944 923043
491172 491271
1355640 1355739
59862 59961
491634 491733
1355772 1355871
1355838 1355937
491832 491931
923736 923835
923868 923967
1356168 1356267
492096 492195
1356300 1356399
492294 492393
492426 492525
1356564 1356663
1356630 1356729
924462 924561
924726 924825
924858 924957
493152 493251
925188 925287
1357488 1357587
925320 925419
1358148 1358247
494010 494109
62436 62535
1358280 1358379
62502 62601
494274 494373
494472 494571
62898 62997
1358742 1358841
62964 63063
926508 926607
1358808 1358907
494670 494769
494736 494835
1358940 1359039
926706 926805
1359006 1359105
1359072 1359171
495132 495231
927036 927135
1359336 1359435
495330 495429
1359468 1359567
1359534 1359633
927630 927729
495792 495891
927696 927795
64218 64317
927960 928059
65142 65241
928686 928785
65340 65439
65406 65505
497046 497145
65472 65571
929016 929115
497244 497343
929346 929445
65934 66033
497706 497805
497772 497871
66198 66297
497838 497937
497904 498003
1362240 1362339
930336 930435
930402 930501
66990 67089
67188 67287
1363098 1363197
67320 67419
499026 499125
499290 499389
67650 67749
67848 67947
499686 499785
68046 68145
1363890 1363989
499752 499851
68112 68211
931920 932019
1364220 1364319
1364352 1364451
68574 68673
1364418 1364517
500148 500247
1364682 1364781
500214 500313
500940 501039
933306 933405
1365540 1365639
1365606 1365705
501468 501567
70224 70323
501732 501831
70620 70719
1366398 1366497
934362 934461
934560 934659
502260 502359
502392 502491
934890 934989
934956 935055
1367124 1367223
1367190 1367289
935088 935187
935154 935253
502986 503085
935352 935451
503052 503151
503118 503217
935550 935649
503382 503481
935748 935847
1368246 1368345
1368378 1368477
1368444 1368543
503976 504075
936342 936441
1368510 1368609
1368576 1368675
504174 504273
72996 73095
1368708 1368807
504240 504339
504306 504405
1368840 1368939
504504 504603
73326 73425
73524 73623
73656 73755
1369368 1369467
504900 504999
1369566 1369665
937464 937563
1369632 1369731
505164 505263
73986 74085
937596 937695
937662 937761
1369896 1369995
74316 74415
937860 937959
1370094 1370193
74448 74547
74514 74613
1370226 1370325
1370292 1370391
505890 505989
938256 938355
938388 938487
1370556 1370655
1370622 1370721
75042 75141
938652 938751
506352 506451
938718 938817
938916 939015
506880 506979
939246 939345
506946 507045
1371678 1371777
76230 76329
939906 940005
1372602 1372701
940566 940665
77220 77319
940764 940863
508530 508629
508794 508893
77682 77781
1373526 1373625
941358 941457
1373658 1373757
509190 509289
509322 509421
941622 941721
1373856 1373955
1373922 1374021
509454 509553
78474 78573
509784 509883
942216 942315
1374714 1374813
942744 942843
510510 510609
942810 942909
79398 79497
1375044 1375143
942876 942975
79464 79563
1375176 1375275
1375242 1375341
79662 79761
510840 510939
943206 943305
510972 511071
1375440 1375539
1375572 1375671
511170 511269
1375638 1375737
943602 943701
943932 944031
80784 80883
80850 80949
1376496 1376595
1376628 1376727
81180 81279
944724 944823
81378 81477
81444 81543
1377156 1377255
512820 512919
1377354 1377453
1377420 1377519
945252 945351
82038 82137
1377750 1377849
82170 82269
945714 945813
1378014 1378113
82632 82731
946110 946209
513942 514041
82830 82929
1378476 1378575
82896 82995
82962 83061
83028 83127
1378674 1378773
514272 514371
946572 946671
83160 83259
83226 83325
946704 946803
1378938 1379037
946836 946935
83490 83589
1379268 1379367
1379334 1379433
83754 83853
1379466 1379565
1379532 1379631
947430 947529
515262 515361
84216 84315
1379862 1379961
947826 947925
948024 948123
84678 84777
84876 84975
948288 948387
1380588 1380687
85074 85173
948486 948585
948684 948783
516516 516615
516582 516681
1380984 1381083
516912 517011
1381116 1381215
85800 85899
949278 949377
949410 949509
517176 517275
1381446 1381545
517506 517605
86328 86427
1381776 1381875
949872 949971
86460 86559
517770 517869
517836 517935
1382040 1382139
517968 518067
950202 950301
1382238 1382337
518100 518199
86922 87021
1382436 1382535
518298 518397
1382634 1382733
518496 518595
87384 87483
87450 87549
950994 951093
951060 951159
1383096 1383195
87714 87813
1383162 1383261
1383228 1383327
951258 951357
951324 951423
87978 88077
951456 951555
88176 88275
519420 519519
1383624 1383723
951654 951753
951786 951885
88440 88539
519948 520047
88770 88869
520014 520113
1384350 1384449
1384416 1384515
952512 952611
952578 952677
89298 89397
952710 952809
952776 952875
520212 520311
1384746 1384845
89430 89529
520344 520443
89628 89727
953106 953205
520542 520641
520608 520707
1385208 1385307
89958 90057
90024 90123
1385604 1385703
90288 90387
521136 521235
953766 953865
1385868 1385967
90618 90717
521466 521565
954228 954327
954294 954393
90882 90981
1386462 1386561
954558 954657
954756 954855
91542 91641
1386924 1387023
955020 955119
91740 91839
1387188 1387287
91806 91905
955284 955383
955350 955449
955416 955515
522852 522951
955482 955581
1387452 1387551
92136 92235
1387650 1387749
1387716 1387815
523248 523347
1387848 1387947
955944 956043
1387914 1388013
956076 956175
523776 523875
956406 956505
1388376 1388475
93126 93225
1388574 1388673
93390 93489
524304 524403
957132 957231
524700 524799
1389234 1389333
1389432 1389531
957594 957693
525096 525195
958056 958155
958254 958353
958386 958485
95040 95139
526152 526251
1390686 1390785
526482 526581
95634 95733
526614 526713
526680 526779
95832 95931
1391214 1391313
1391412 1391511
527010 527109
1391544 1391643
96228 96327
1391808 1391907
527406 527505
1391940 1392039
96624 96723
960102 960201
527538 527637
1392204 1392303
527802 527901
527868 527967
960696 960795
97284 97383
97548 97647
961158 961257
1393062 1393161
961290 961389
97878 97977
528792 528891
961488 961587
98076 98175
1393458 1393557
98142 98241
961620 961719
98208 98307
961686 961785
961752 961851
1393656 1393755
98340 98439
961818 961917
1393722 1393821
1393788 1393887
1393854 1393953
962016 962115
1393986 1394085
1394118 1394217
98934 99033
962478 962577
99066 99165
962544 962643
1394580 1394679
530112 530211
1394646 1394745
962874 962973
530574 530673
99726 99825
963204 963303
963336 963435
530904 531003
1395438 1395537
963534 963633
530970 531069
531234 531333
531300 531399
531432 531531
531564 531663
964194 964293
101046 101145
101112 101211
101178 101277
1396560 1396659
964722 964821
101310 101409
101376 101475
532224 532323
101574 101673
532422 532521
1397088 1397187
532752 532851
1397352 1397451
532884 532983
102102 102201
1397484 1397583
1397550 1397649
102432 102531
533280 533379
965910 966009
533478 533577
966108 966207
1398012 1398111
102828 102927
966504 966603
533940 534039
1398474 1398573
966702 966801
1398804 1398903
966966 967065
534402 534501
1399068 1399167
103752 103851
1399134 1399233
103818 103917
1399200 1399299
103884 103983
967362 967461
967428 967527
1399398 1399497
967494 967593
534930 535029
967626 967725
535062 535161
967758 967857
535194 535293
535326 535425
967956 968055
104544 104643
968022 968121
1399992 1400091
1400190 1400289
104874 104973
968286 968385
968550 968649
535986 536085
536118 536217
1400652 1400751
105402 105501
1400784 1400883
105468 105567
536448 536547
969078 969177
1401114 1401213
1401246 1401345
1401378 1401477
969474 969573
536910 537009
106194 106293
537042 537141
106260 106359
537108 537207
969804 969903
106392 106491
969870 969969
1401840 1401939
106524 106623
537438 537537
970134 970233
537570 537669
537636 537735
1402170 1402269
107118 107217
970464 970563
1402566 1402665
970530 970629
107448 107547
1402896 1402995
538428 538527
538626 538725
107976 108075
538890 538989
971388 971487
108108 108207
971454 971553
1403556 1403655
539154 539253
971586 971685
971850 971949
1404018 1404117
972048 972147
540012 540111
972312 972411
540276 540375
540408 540507
1405074 1405173
972840 972939
972906 973005
972972 973071
109890 109989
1405470 1405569
541002 541101
541134 541233
1405668 1405767
973434 973533
110418 110517
1405866 1405965
1406064 1406163
973830 973929
1406196 1406295
973962 974061
541794 541893
1406394 1406493
111012 111111
974292 974391
974358 974457
1406658 1406757
111210 111309
1406724 1406823
974490 974589
111342 111441
1406922 1407021
1406988 1407087
111738 111837
1407186 1407285
975018 975117
542784 542883
111870 111969
1407384 1407483
542916 543015
542982 543081
975348 975447
112200 112299
543180 543279
112266 112365
975480 975579
975744 975843
975942 976041
543774 543873
976074 976173
1408440 1408539
1408902 1409001
113520 113619
976734 976833
113652 113751
976866 976965
1409232 1409331
544764 544863
544896 544995
545160 545259
114378 114477
1409826 1409925
977592 977691
1409892 1409991
977856 977955
977922 978021
545688 545787
1410420 1410519
978186 978285
115038 115137
978318 978417
546084 546183
978450 978549
115302 115401
978516 978615
546348 546447
546414 546513
546546 546645
978978 979077
979044 979143
546810 546909
116028 116127
979308 979407
547140 547239
1412004 1412103
547404 547503
979770 979869
116622 116721
1412202 1412301
116754 116853
980166 980265
547866 547965
548130 548229
980562 980661
1412928 1413027
980694 980793
980760 980859
548460 548559
1413258 1413357
980958 981057
548658 548757
1413456 1413555
548724 548823
118272 118371
1413918 1414017
549120 549219
981684 981783
1414116 1414215
1414182 1414281
549450 549549
1414248 1414347
982146 982245
1414512 1414611
549846 549945
982410 982509
119262 119361
550044 550143
550242 550341
550308 550407
550374 550473
550506 550605
983004 983103
550704 550803
119988 120087
550770 550869
1415634 1415733
550836 550935
1415700 1415799
550902 551001
983598 983697
551166 551265
1416228 1416327
983928 984027
120252 120351
1416360 1416459
551562 551661
1416492 1416591
120516 120615
551826 551925
984456 984555
552090 552189
1417020 1417119
121044 121143
552288 552387
1417218 1417317
121242 121341
984918 985017
121308 121407
1417416 1417515
121440 121539
121506 121605
121770 121869
985644 985743
122100 122199
985776 985875
985842 985941
122232 122331
985908 986007
986040 986139
122430 122529
986172 986271
1418736 1418835
986502 986601
1419000 1419099
123024 123123
1419066 1419165
554400 554499
554532 554631
554598 554697
987360 987459
123816 123915
1419528 1419627
987822 987921
555390 555489
124212 124311
988020 988119
124410 124509
124608 124707
555918 556017
988680 988779
1420584 1420683
556446 556545
125268 125367
556578 556677
556644 556743
989142 989241
1421178 1421277
989340 989439
1421310 1421409
989472 989571
989538 989637
125928 126027
1421442 1421541
557172 557271
125994 126093
126126 126225
1421640 1421739
1421706 1421805
989934 990033
557634 557733
126456 126555
557700 557799
990198 990297
557832 557931
990462 990561
558096 558195
1422366 1422465
990594 990693
990990 991089
558690 558789
991320 991419
1423224 1423323
559086 559185
1423356 1423455
559284 559383
559350 559449
991716 991815
1423620 1423719
128172 128271
128370 128469
129162 129261
1424676 1424775
560406 560505
1424742 1424841
129294 129393
560736 560835
560802 560901
1425204 1425303
993432 993531
1425336 1425435
1425402 1425501
993564 993663
561198 561297
993696 993795
561330 561429
561396 561495
130218 130317
993960 994059
130548 130647
994488 994587
994620 994719
562188 562287
131076 131175
994686 994785
994818 994917
562518 562617
562584 562683
995082 995181
995148 995247
995214 995313
131670 131769
995346 995445
131868 131967
563178 563277
995676 995775
1427580 1427679
563310 563409
1427712 1427811
995940 996039
563508 563607
1427844 1427943
996204 996303
563838 563937
996468 996567
564168 564267
564234 564333
133122 133221
1428768 1428867
133320 133419
133386 133485
564564 564663
997062 997161
133518 133617
997128 997227
133584 133683
564894 564993
1429230 1429329
133782 133881
133848 133947
1429428 1429527
565158 565257
134046 134145
997722 997821
134112 134211
134244 134343
997920 998019
134376 134475
997986 998085
134508 134607
565686 565785
998184 998283
1430022 1430121
134640 134739
134706 134805
998448 998547
1430352 1430451
135036 135135
998712 998811
566280 566379
566478 566577
998976 999075
1430880 1430979
135498 135597
135564 135663
135762 135861
1431276 1431375
1431342 1431441
136224 136323
1000164 1000263
567666 567765
1000230 1000329
136686 136785
567798 567897
1432134 1432233
1000362 1000461
567864 567963
1000428 1000527
567996 568095
136950 137049
137016 137115
137082 137181
1432530 1432629
1000824 1000923
1000956 1001055
568458 568557
568524 568623
568722 568821
568986 569085
1001748 1001847
1001880 1001979
1433718 1433817
1001946 1002045
1002012 1002111
138666 138765
1002342 1002441
1002738 1002837
139194 139293
1434642 1434741
570306 570405
1002936 1003035
139392 139491
139458 139557
139524 139623
1003134 1003233
570636 570735
1003266 1003365
139722 139821
1435170 1435269
1003398 1003497
570900 570999
570966 571065
1003794 1003893
571296 571395
140382 140481
140448 140547
571494 571593
1435962 1436061
1436094 1436193
1004322 1004421
1436226 1436325
1436292 1436391
141174 141273
572484 572583
1005048 1005147
572550 572649
572748 572847
141702 141801
1005312 1005411
572880 572979
573078 573177
1005642 1005741
1005774 1005873
142362 142461
573474 573573
1438074 1438173
1006500 1006599
1438404 1438503
143154 143253
1006896 1006995
574398 574497
574464 574563
143418 143517
143550 143649
143814 143913
143880 143979
1007556 1007655
143946 144045
575124 575223
1439724 1439823
1008018 1008117
1439988 1440087
1008216 1008315
1440120 1440219
1008282 1008381
144672 144771
144738 144837
144870 144969
1008546 1008645
1008612 1008711
1440516 1440615
1440582 1440681
145134 145233
1440714 1440813
1440780 1440879
145398 145497
1441044 1441143
1009206 1009305
1009272 1009371
1009338 1009437
576906 577005
1009470 1009569
577038 577137
146058 146157
577236 577335
577368 577467
1009932 1010031
146322 146421
1441902 1442001
1441968 1442067
577698 577797
1442166 1442265
146850 146949
1010790 1010889
578424 578523
1442892 1442991
1011120 1011219
1011252 1011351
1443288 1443387
147906 148005
1443486 1443585
1011714 1011813
1011780 1011879
1443684 1443783
1011846 1011945
579348 579447
148302 148401
1012044 1012143
1444146 1444245
148632 148731
579744 579843
1012308 1012407
579810 579909
1444278 1444377
1444344 1444443
579942 580041
1444410 1444509
1012638 1012737
580140 580239
1444872 1444971
149490 149589
1013364 1013463
1445334 1445433
1013496 1013595
1445400 1445499
1445466 1445565
149952 150051
1013694 1013793
150084 150183
581196 581295
1445730 1445829
1445862 1445961
1014024 1014123
1445928 1446027
150414 150513
581790 581889
581856 581955
150744 150843
150810 150909
150942 151041
1446522 1446621
1014882 1014981
151272 151371
151338 151437
582516 582615
151470 151569
1015146 1015245
1447050 1447149
582648 582747
582780 582879
1015344 1015443
1447314 1447413
582978 583077
1015608 1015707
151998 152097
1447710 1447809
583308 583407
1015872 1015971
1015938 1016037
583440 583539
152460 152559
152658 152757
152790 152889
583968 584067
1448502 1448601
1448634 1448733
584232 584331
153120 153219
1017060 1017159
1448964 1449063
1017126 1017225
153516 153615
1017258 1017357
1449294 1449393
584892 584991
1017456 1017555
585024 585123
1017654 1017753
1449558 1449657
154110 154209
585288 585387
154176 154275
1017918 1018017
585354 585453
585420 585519
1449888 1449987
585486 585585
585552 585651
154506 154605
1450152 1450251
154572 154671
1450284 1450383
155100 155199
1018776 1018875
1451076 1451175
155562 155661
586146 586245
155694 155793
1451340 1451439
1019568 1019667
586476 586575
155958 156057
156090 156189
1451868 1451967
156354 156453
156420 156519
1452066 1452165
156486 156585
1452132 1452231
156618 156717
1452462 1452561
1452528 1452627
1452594 1452693
1021152 1021251
588060 588159
1021218 1021317
1021350 1021449
157806 157905
157872 157971
1453452 1453551
1021680 1021779
1021812 1021911
158202 158301
1454046 1454145
589116 589215
589182 589281
1454244 1454343
1022406 1022505
589314 589413
1454574 1454673
1454640 1454739
1022736 1022835
1454706 1454805
159192 159291
1022934 1023033
159324 159423
159390 159489
1455168 1455267
590304 590403
1455366 1455465
1455894 1455993
1455960 1456059
1456224 1456323
1023990 1024089
160974 161073
1456686 1456785
1456752 1456851
1024518 1024617
591822 591921
1457016 1457115
592086 592185
592152 592251
1025112 1025211
1025310 1025409
592680 592779
592746 592845
592878 592977
592944 593043
162360 162459
162426 162525
1458138 1458237
593340 593439
593406 593505
1026102 1026201
593472 593571
1026168 1026267
162954 163053
593538 593637
1026300 1026399
163152 163251
593868 593967
163350 163449
593934 594033
594132 594231
1459260 1459359
163680 163779
594264 594363
163746 163845
1459524 1459623
594528 594627
594726 594825
164208 164307
164274 164373
594990 595089
1027686 1027785
1027752 1027851
595254 595353
1027950 1028049
1028082 1028181
595518 595617
1460580 1460679
1028214 1028313
165132 165231
595716 595815
1460778 1460877
595848 595947
1028478 1028577
595914 596013
1028610 1028709
1028874 1028973
165990 166089
596640 596739
1461702 1461801
1029336 1029435
1461900 1461999
1029468 1029567
596904 597003
1029534 1029633
1029600 1029699
1462362 1462461
597432 597531
1462494 1462593
597498 597597
1030128 1030227
597828 597927
1030458 1030557
597894 597993
1462956 1463055
1463022 1463121
167574 167673
167640 167739
1463352 1463451
167772 167871
1463418 1463517
1030986 1031085
598488 598587
1463550 1463649
1031118 1031217
598554 598653
1463616 1463715
168036 168135
598686 598785
168168 168267
598752 598851
1463814 1463913
1463880 1463979
1031514 1031613
1031646 1031745
599082 599181
1464540 1464639
1032240 1032339
169158 169257
1032504 1032603
1032570 1032669
1032636 1032735
1465134 1465233
1032702 1032801
169620 169719
1032834 1032933
600402 600501
600534 600633
1033164 1033263
600732 600831
600798 600897
1465992 1466091
600996 601095
170544 170643
170676 170775
1466322 1466421
601326 601425
601392 601491
601524 601623
601788 601887
171468 171567
171534 171633
602118 602217
171666 171765
1467444 1467543
1035012 1035111
171864 171963
602580 602679
172062 172161
602646 602745
1467708 1467807
1467774 1467873
1467840 1467939
602844 602943
1035474 1035573
1467972 1468071
172392 172491
1468104 1468203
172590 172689
603174 603273
603240 603339
172722 172821
1468500 1468599
172920 173019
173052 173151
603768 603867
603900 603999
1036662 1036761
1469292 1469391
173778 173877
1036992 1037091
1037124 1037223
1469622 1469721
1037256 1037355
1469688 1469787
174108 174207
1037322 1037421
604692 604791
174174 174273
604758 604857
1469952 1470051
604890 604989
174372 174471
1470084 1470183
605022 605121
605286 605385
1037982 1038081
174834 174933
175098 175197
605946 606045
1038774 1038873
606144 606243
1038906 1039005
175824 175923
606342 606441
606408 606507
1039236 1039335
1471800 1471899
176220 176319
1471866 1471965
176286 176385
176418 176517
1039632 1039731
176484 176583
176550 176649
1039764 1039863
1472262 1472361
607134 607233
1039896 1039995
607266 607365
1039962 1040061
176814 176913
607332 607431
176880 176979
177012 177111
1472658 1472757
1040490 1040589
1473054 1473153
607992 608091
1040688 1040787
608058 608157
1040754 1040853
608124 608223
608256 608355
177870 177969
1041018 1041117
608454 608553
1041348 1041447
608850 608949
608916 609015
1474110 1474209
608982 609081
1041678 1041777
609048 609147
178596 178695
1474242 1474341
178662 178761
179058 179157
1474770 1474869
1474836 1474935
609774 609873
609906 610005
1475232 1475331
1475298 1475397
1475430 1475529
1475496 1475595
179916 180015
1475562 1475661
610830 610929
1475958 1476057
610962 611061
1476354 1476453
180774 180873
1476486 1476585
611424 611523
1044252 1044351
181104 181203
1476750 1476849
1476882 1476981
1476948 1477047
181368 181467
1477080 1477179
181566 181665
181632 181731
1477344 1477443
612414 612513
1477542 1477641
1045176 1045275
612546 612645
1045242 1045341
1045374 1045473
1477938 1478037
1478136 1478235
613074 613173
182754 182853
182820 182919
183084 183183
1046298 1046397
183414 183513
183480 183579
614064 614163
183678 183777
1479390 1479489
614394 614493
614460 614559
1047156 1047255
614526 614625
184206 184305
614790 614889
184338 184437
1047486 1047585
1479984 1480083
184536 184635
1047684 1047783
1480116 1480215
1047750 1047849
615120 615219
1047948 1048047
1480380 1480479
184866 184965
615516 615615
615648 615747
185394 185493
615912 616011
1048608 1048707
1481106 1481205
1481172 1481271
1481238 1481337
185724 185823
1481436 1481535
1049070 1049169
616440 616539
185988 186087
616506 616605
186120 186219
1481766 1481865
616704 616803
1049598 1049697
186582 186681
186648 186747
1049928 1050027
617298 617397
1482690 1482789
617628 617727
187176 187275
187308 187407
617892 617991
617958 618057
187572 187671
618222 618321
1483416 1483515
618354 618453
1051248 1051347
1483680 1483779
188166 188265
618684 618783
1483812 1483911
618750 618849
188298 188397
1051578 1051677
1484142 1484241
619080 619179
1051776 1051875
188628 188727
1051842 1051941
1484274 1484373
1484472 1484571
619410 619509
1484670 1484769
189222 189321
189288 189387
1484868 1484967
619806 619905
1485066 1485165
1485132 1485231
1052832 1052931
620202 620301
1485396 1485495
620334 620433
189948 190047
620532 620631
1485924 1486023
190410 190509
620796 620895
620862 620961
620928 621027
620994 621093
621060 621159
1053492 1053591
190938 191037
621324 621423
1486650 1486749
1486716 1486815
1486848 1486947
191466 191565
191664 191763
622050 622149
622116 622215
622248 622347
622314 622413
1054614 1054713
1487574 1487673
622578 622677
1054812 1054911
1487772 1487871
1487904 1488003
622842 622941
1487970 1488069
623304 623403
1055472 1055571
193050 193149
1488630 1488729
1055736 1055835
623568 623667
624030 624129
193842 193941
1489356 1489455
1056462 1056561
193908 194007
1056660 1056759
194106 194205
1056792 1056891
1056858 1056957
194370 194469
1056924 1057023
1489884 1489983
194502 194601
1490148 1490247
625218 625317
1490346 1490445
1057452 1057551
1057518 1057617
625416 625515
1490544 1490643
195096 195195
195162 195261
625548 625647
195426 195525
1491138 1491237
1491204 1491303
626142 626241
195822 195921
195888 195987
1491534 1491633
626472 626571
1491666 1491765
626736 626835
1058706 1058805
627000 627099
1492194 1492293
627264 627363
196944 197043
197010 197109
1492524 1492623
1059366 1059465
1492854 1492953
1059564 1059663
1492986 1493085
197538 197637
197604 197703
1059762 1059861
627990 628089
197802 197901
628320 628419
628386 628485
1060290 1060389
198198 198297
1493712 1493811
1493778 1493877
628650 628749
628716 628815
628914 629013
1060752 1060851
1494174 1494273
1060818 1060917
629178 629277
1494504 1494603
629376 629475
199056 199155
1494702 1494801
199386 199485
629772 629871
629904 630003
1495164 1495263
1495296 1495395
1495494 1495593
1495758 1495857
200376 200475
200442 200541
200640 200739
631026 631125
1063128 1063227
631422 631521
1496616 1496715
201366 201465
1063524 1063623
1496880 1496979
631818 631917
201564 201663
631950 632049
1063854 1063953
632214 632313
1497342 1497441
201960 202059
632412 632511
1497606 1497705
202224 202323
202422 202521
202752 202851
202884 202983
1498530 1498629
203148 203247
1498662 1498761
1498728 1498827
633666 633765
1498860 1498959
203544 203643
633930 634029
1499124 1499223
1499256 1499355
203874 203973
1066098 1066197
1499454 1499553
1066230 1066329
1499586 1499685
1066296 1066395
204336 204435
634722 634821
1499850 1499949
204468 204567
1066626 1066725
1499982 1500081
634986 635085
204666 204765
1500180 1500279
635118 635217
1066890 1066989
1500246 1500345
1066956 1067055
635316 635415
635580 635679
205260 205359
635646 635745
1067616 1067715
1067946 1068045
1501368 1501467
636240 636339
1068144 1068243
206118 206217
206184 206283
206250 206349
636702 636801
636834 636933
636900 636999
1068804 1068903
637164 637263
206976 207075
1502490 1502589
207108 207207
637428 637527
1069332 1069431
1502688 1502787
207306 207405
637626 637725
1502820 1502919
207504 207603
1502952 1503051
637890 637989
1069728 1069827
207702 207801
1503150 1503249
638088 638187
638154 638253
208230 208329
1503678 1503777
638682 638781
1503942 1504041
638814 638913
1504008 1504107
209022 209121
1071180 1071279
639606 639705
209418 209517
1504866 1504965
1071642 1071741
209616 209715
639936 640035
1505130 1505229
1071840 1071939
1505196 1505295
1505328 1505427
1072038 1072137
210078 210177
210144 210243
640464 640563
1072302 1072401
640530 640629
210276 210375
1072368 1072467
210342 210441
210474 210573
1072632 1072731
1072764 1072863
210738 210837
1072830 1072929
1506252 1506351
1073292 1073391
1506648 1506747
1073358 1073457
1073424 1073523
1073490 1073589
1506912 1507011
211662 211761
1073688 1073787
642048 642147
1074018 1074117
211992 212091
642444 642543
1074216 1074315
1074282 1074381
212322 212421
1507770 1507869
642774 642873
212454 212553
1074876 1074975
212850 212949
1074942 1075041
212916 213015
643302 643401
1508628 1508727
213312 213411
1075470 1075569
213576 213675
1509156 1509255
644226 644325
213972 214071
214038 214137
1076196 1076295
214104 214203
1509618 1509717
1509684 1509783
1076328 1076427
214236 214335
1509750 1509849
1076394 1076493
1076592 1076691
1510344 1510443
214962 215061
215028 215127
1510542 1510641
215160 215259
215424 215523
215754 215853
1077912 1078011
1511268 1511367
1511334 1511433
646338 646437
1511466 1511565
216282 216381
216348 216447
1078440 1078539
1078506 1078605
216480 216579
646998 647097
1078770 1078869
647460 647559
217206 217305
1512786 1512885
647724 647823
217404 217503
1512918 1513017
1512984 1513083
647988 648087
1513116 1513215
648318 648417
1080156 1080255
218064 218163
1080420 1080519
1080486 1080585
218394 218493
648846 648945
1080618 1080717
1513974 1514073
1080684 1080783
1514238 1514337
649242 649341
649308 649407
1514634 1514733
1081806 1081905
1515228 1515327
650298 650397
1082070 1082169
650364 650463
1082532 1082631
1082796 1082895
220770 220869
1082928 1083027
220968 221067
1083126 1083225
221166 221265
221232 221331
1083390 1083489
221364 221463
1516878 1516977
1516944 1517043
1517010 1517109
652080 652179
221694 221793
1517208 1517307
221760 221859
1084050 1084149
221958 222057
1517604 1517703
1518264 1518363
1085040 1085139
653334 653433
1085106 1085205
653466 653565
653532 653631
223212 223311
1518726 1518825
653928 654027
223608 223707
1519122 1519221
223806 223905
1519320 1519419
654258 654357
1519386 1519485
1519452 1519551
1519518 1519617
224070 224169
1086492 1086591
224466 224565
654918 655017
1520244 1520343
1086954 1087053
1520310 1520409
1520508 1520607
655446 655545
655512 655611
1520640 1520739
1520772 1520871
1520970 1521069
225720 225819
1087878 1087977
656238 656337
656304 656403
1088076 1088175
656502 656601
1521102 1521201
226182 226281
656700 656799
1088472 1088571
656898 656997
226710 226809
1521696 1521795
226776 226875
657360 657459
1089132 1089231
226908 227007
1521894 1521993
657558 657657
657756 657855
657822 657921
657888 657987
227436 227535
658020 658119
1522554 1522653
658086 658185
227634 227733
227700 227799
227766 227865
1523082 1523181
1090386 1090485
658680 658779
1523280 1523379
1523346 1523445
228426 228525
659142 659241
1523676 1523775
1523808 1523907
1091112 1091211
1091178 1091277
659472 659571
659604 659703
229152 229251
659736 659835
660000 660099
229614 229713
660132 660231
1091970 1092069
1524732 1524831
660264 660363
1092168 1092267
230010 230109
660594 660693
230406 230505
230472 230571
230538 230637
1092828 1092927
1525656 1525755
1525920 1526019
661584 661683
1093356 1093455
1526250 1526349
1526448 1526547
662178 662277
231858 231957
231990 232089
662310 662409
662376 662475
232254 232353
232386 232485
1527438 1527537
232518 232617
1527504 1527603
1527570 1527669
1527702 1527801
1095138 1095237
1095204 1095303
232980 233079
663234 663333
663630 663729
663894 663993
1095996 1096095
1528692 1528791
1528758 1528857
233904 234003
664158 664257
234036 234135
664290 664389
1529088 1529187
1529220 1529319
664554 664653
234366 234465
664620 664719
1096656 1096755
1096722 1096821
1529484 1529583
1096986 1097085
665016 665115
1529682 1529781
665082 665181
1529748 1529847
1529880 1529979
235092 235191
1097448 1097547
665544 665643
1530276 1530375
235422 235521
1530738 1530837
666138 666237
236016 236115
1530936 1531035
1098372 1098471
1531002 1531101
1098504 1098603
1531134 1531233
1531332 1531431
1098834 1098933
666732 666831
1531464 1531563
1531530 1531629
1099230 1099329
1531794 1531893
667260 667359
1532124 1532223
667458 667557
667590 667689
237534 237633
237732 237831
667920 668019
1532850 1532949
668184 668283
668448 668547
668778 668877
1533444 1533543
669108 669207
239316 239415
669570 669669
239448 239547
239514 239613
669702 669801
239580 239679
669900 669999
1102134 1102233
239844 239943
670032 670131
239910 240009
670098 670197
240042 240141
240108 240207
670362 670461
670494 670593
1534896 1534995
240504 240603
1535226 1535325
1535358 1535457
240900 240999
1535754 1535853
1103520 1103619
1103718 1103817
241626 241725
241692 241791
1536084 1536183
241824 241923
671616 671715
242022 242121
671814 671913
242286 242385
242352 242451
1536810 1536909
242418 242517
672210 672309
1104906 1105005
672408 672507
242880 242979
672672 672771
1105302 1105401
1537470 1537569
672804 672903
243210 243309
673002 673101
1105632 1105731
1105764 1105863
243606 243705
1538262 1538361
1106160 1106259
1538328 1538427
244134 244233
1106556 1106655
674058 674157
1538856 1538955
1106754 1106853
674322 674421
674388 674487
1107018 1107117
1539252 1539351
244926 245025
1539384 1539483
1539516 1539615
1539648 1539747
245322 245421
1539714 1539813
245388 245487
1107678 1107777
675246 675345
1539978 1540077
1107876 1107975
1108140 1108239
245916 246015
675642 675741
245982 246081
246048 246147
675906 676005
675972 676071
246312 246411
246510 246609
1108800 1108899
246576 246675
1541034 1541133
1541100 1541199
676368 676467
1541166 1541265
676434 676533
1541232 1541331
676566 676665
1109196 1109295
247038 247137
676764 676863
676962 677061
677094 677193
677226 677325
1542024 1542123
1542090 1542189
1542288 1542387
677556 677655
1110252 1110351
248094 248193
1542486 1542585
1542618 1542717
1110582 1110681
1542750 1542849
678084 678183
248490 248589
678150 678249
248622 248721
678348 678447
1110978 1111077
248754 248853
678414 678513
248886 248985
1543476 1543575
249150 249249
249414 249513
1544004 1544103
1544136 1544235
679404 679503
249810 249909
679602 679701
679734 679833
1544532 1544631
250206 250305
1112562 1112661
1544796 1544895
1112628 1112727
680196 680295
1112826 1112925
680262 680361
250668 250767
1545324 1545423
680724 680823
251130 251229
1545720 1545819
1113684 1113783
681186 681285
251592 251691
681252 681351
1546050 1546149
681318 681417
251724 251823
1114146 1114245
251988 252087
681648 681747
252054 252153
1114278 1114377
681714 681813
252186 252285
1546710 1546809
252318 252417
681978 682077
682044 682143
682110 682209
1547106 1547205
1114938 1115037
682506 682605
1547634 1547733
682902 683001
682968 683067
1115598 1115697
683034 683133
1115730 1115829
683232 683331
253836 253935
253902 254001
253968 254067
1116192 1116291
254100 254199
254166 254265
1116588 1116687
684024 684123
1116720 1116819
254496 254595
1116786 1116885
684420 684519
1549218 1549317
254826 254925
255024 255123
1117446 1117545
685014 685113
255420 255519
1117776 1117875
1117908 1118007
1118106 1118205
256014 256113
1118238 1118337
256278 256377
685938 686037
1550736 1550835
256410 256509
686268 686367
686334 686433
1119030 1119129
1119096 1119195
1551528 1551627
1119360 1119459
687060 687159
1119624 1119723
1119690 1119789
1119756 1119855
1551990 1552089
257598 257697
1552122 1552221
257796 257895
257862 257961
687522 687621
687588 687687
1120218 1120317
1552584 1552683
687918 688017
258324 258423
687984 688083
1120548 1120647
1552914 1553013
1120812 1120911
688380 688479
1120944 1121043
688446 688545
1553310 1553409
688578 688677
258984 259083
1553376 1553475
688776 688875
1553838 1553937
1121670 1121769
259644 259743
689370 689469
689436 689535
689502 689601
259908 260007
260040 260139
1554498 1554597
260238 260337
1554630 1554729
1122462 1122561
260502 260601
1554894 1554993
1555026 1555125
690492 690591
1122924 1123023
690558 690657
690624 690723
690690 690789
260700 260799
260832 260931
1123320 1123419
1555752 1555851
261096 261195
261162 261261
691152 691251
261294 261393
691218 691317
1123650 1123749
261360 261459
1556082 1556181
261426 261525
691350 691449
1556214 1556313
691416 691515
261558 261657
691482 691581
1556346 1556445
1123980 1124079
691548 691647
1556478 1556577
1556544 1556643
691746 691845
261954 262053
691878 691977
262086 262185
1124442 1124541
262284 262383
1124772 1124871
262482 262581
1124838 1124937
1124970 1125069
692604 692703
692670 692769
1125366 1125465
1125432 1125531
263142 263241
693066 693165
693198 693297
1558194 1558293
263538 263637
1558260 1558359
263604 263703
693594 693693
1558590 1558689
1558656 1558755
1126356 1126455
264066 264165
1126554 1126653
1559052 1559151
1126686 1126785
264396 264495
694320 694419
1559250 1559349
1559382 1559481
1127016 1127115
265056 265155
265122 265221
1559910 1560009
1127742 1127841
265452 265551
265518 265617
1127874 1127973
265650 265749
1128138 1128237
1560570 1560669
1128204 1128303
1128270 1128369
266178 266277
696168 696267
266244 266343
1128798 1128897
1128864 1128963
1561362 1561461
266574 266673
266640 266739
696762 696861
266772 266871
1561560 1561659
266904 267003
1561692 1561791
1129326 1129425
1129524 1129623
697752 697851
267960 268059
1562748 1562847
698148 698247
1130316 1130415
268422 268521
1130778 1130877
268818 268917
1563738 1563837
1131042 1131141
699204 699303
1564002 1564101
1564134 1564233
1131306 1131405
269544 269643
269610 269709
699666 699765
1131636 1131735
699732 699831
1564530 1564629
1564596 1564695
269874 269973
699930 700029
1564860 1564959
270072 270171
700128 700227
270138 270237
270204 270303
1565058 1565157
270270 270369
1132362 1132461
1565322 1565421
1565388 1565487
270600 270699
270666 270765
270732 270831
270798 270897
1132758 1132857
700986 701085
270996 271095
1565850 1565949
1565982 1566081
1566048 1566147
701316 701415
701382 701481
1133484 1133583
1566378 1566477
271590 271689
1133616 1133715
271656 271755
1133682 1133781
1566576 1566675
1566642 1566741
701910 702009
271920 272019
701976 702075
1133946 1134045
702042 702141
1134012 1134111
702108 702207
702174 702273
1134144 1134243
272184 272283
1567038 1567137
702306 702405
1134276 1134375
702438 702537
1134606 1134705
702768 702867
1567566 1567665
1134804 1134903
1567830 1567929
273042 273141
1135134 1135233
273174 273273
1568028 1568127
1135200 1135299
1135266 1135365
273306 273405
703560 703659
273636 273735
1135662 1135761
273768 273867
1568622 1568721
703890 703989
1568886 1568985
1136256 1136355
704352 704451
1569216 1569315
1136586 1136685
274692 274791
704814 704913
1569876 1569975
1137114 1137213
1137180 1137279
1570140 1570239
1570272 1570371
275616 275715
705738 705837
1137708 1137807
275814 275913
1137906 1138005
1138038 1138137
1138170 1138269
276408 276507
1571262 1571361
276474 276573
706530 706629
1571592 1571691
706926 707025
1139094 1139193
1571988 1572087
1139160 1139259
277266 277365
1572120 1572219
707586 707685
277662 277761
707850 707949
1572648 1572747
1139820 1139919
1572714 1572813
708048 708147
708180 708279
708642 708741
1573440 1573539
708774 708873
708840 708939
278982 279081
709170 709269
1573968 1574067
1574034 1574133
1141272 1141371
279444 279543
1574430 1574529
279774 279873
1141800 1141899
279840 279939
1141866 1141965
1574826 1574925
710160 710259
280500 280599
710556 710655
280566 280665
710622 710721
280698 280797
710820 710919
1142856 1142955
710952 711051
1143252 1143351
711414 711513
281490 281589
281754 281853
1143714 1143813
1143780 1143879
1576476 1576575
1143978 1144077
712272 712371
1144176 1144275
282282 282381
282348 282447
712338 712437
1144308 1144407
282678 282777
282810 282909
712800 712899
712866 712965
1577532 1577631
712998 713097
1144968 1145067
713064 713163
1577730 1577829
283206 283305
1578060 1578159
283602 283701
283668 283767
1145562 1145661
1145694 1145793
1145760 1145859
1578522 1578621
1578588 1578687
1146024 1146123
284196 284295
1146090 1146189
1146156 1146255
1578852 1578951
1578984 1579083
714516 714615
714582 714681
714714 714813
714780 714879
1579314 1579413
284856 284955
285054 285153
1147146 1147245
715308 715407
1579842 1579941
285582 285681
1147542 1147641
715770 715869
285780 285879
715836 715935
715968 716067
1147938 1148037
1580700 1580799
1148136 1148235
286308 286407
286374 286473
1580964 1581063
716298 716397
1581096 1581195
716430 716529
716496 716595
287034 287133
716826 716925
1581558 1581657
1581624 1581723
1581756 1581855
717090 717189
287496 287595
287694 287793
1582482 1582581
717816 717915
288090 288189
288222 288321
718146 718245
1150248 1150347
288486 288585
288552 288651
718344 718443
1150842 1150941
289080 289179
289146 289245
289212 289311
1583736 1583835
719136 719235
1583868 1583967
289410 289509
719334 719433
1584066 1584165
1151436 1151535
1151502 1151601
719532 719631
1584264 1584363
289938 290037
1584528 1584627
1151898 1151997
1584660 1584759
290202 290301
1584990 1585089
290532 290631
1585122 1585221
290598 290697
1585254 1585353
290730 290829
1585320 1585419
1152624 1152723
290862 290961
1585452 1585551
290928 291027
1585650 1585749
291126 291225
291390 291489
1586244 1586343
1586310 1586409
721644 721743
1153878 1153977
292116 292215
292248 292347
1586838 1586937
722106 722205
1154142 1154241
1154274 1154373
292578 292677
1154406 1154505
1587300 1587399
1587366 1587465
1154802 1154901
1587630 1587729
723096 723195
293370 293469
723228 723327
293436 293535
293700 293799
723558 723657
293964 294063
1155792 1155891
294030 294129
294096 294195
1588620 1588719
723954 724053
1588752 1588851
1588818 1588917
1156188 1156287
1588950 1589049
1156452 1156551
724482 724581
294690 294789
724746 724845
724878 724977
724944 725043
295416 295515
725274 725373
295548 295647
1590204 1590303
725538 725637
725604 725703
1157112 1157211
1590336 1590435
725868 725967
1157376 1157475
726000 726099
296340 296439
296406 296505
1157772 1157871
726462 726561
1157970 1158069
1591194 1591293
1158036 1158135
726660 726759
296802 296901
1591392 1591491
726792 726891
297000 297099
726858 726957
1591590 1591689
297066 297165
297198 297297
1158564 1158663
1591788 1591887
297264 297363
1158630 1158729
727254 727353
1158762 1158861
1158828 1158927
297528 297627
1158894 1158993
297594 297693
1592184 1592283
727584 727683
297792 297891
1159290 1159389
1159356 1159455
727848 727947
298056 298155
727980 728079
728112 728211
1159686 1159785
1159752 1159851
1159818 1159917
1593042 1593141
298518 298617
1159950 1160049
1160082 1160181
728640 728739
1160214 1160313
1593570 1593669
299112 299211
729168 729267
1160676 1160775
1593900 1593999
729234 729333
1160808 1160907
1594032 1594131
729432 729531
1161138 1161237
1161336 1161435
1594626 1594725
1161468 1161567
1161600 1161699
300432 300531
1161732 1161831
300630 300729
1161930 1162029
730488 730587
1162062 1162161
1162194 1162293
1595418 1595517
730686 730785
1595484 1595583
1162326 1162425
301158 301257
1595946 1596045
1162788 1162887
1596012 1596111
731346 731445
1596276 1596375
301950 302049
1163316 1163415
1596672 1596771
1163580 1163679
732138 732237
302280 302379
1597200 1597299
1163976 1164075
732798 732897
1597530 1597629
1597662 1597761
1164438 1164537
302874 302973
733128 733227
1164636 1164735
733194 733293
733458 733557
303534 303633
303600 303699
733722 733821
1598454 1598553
1165230 1165329
303864 303963
303996 304095
304128 304227
734382 734481
1165956 1166055
1599246 1599345
304590 304689
1599444 1599543
1599642 1599741
1166484 1166583
735174 735273
735240 735339
735306 735405
1166748 1166847
1600170 1600269
1600302 1600401
305514 305613
1167078 1167177
1167144 1167243
735768 735867
305778 305877
735900 735999
1167342 1167441
735966 736065
1167408 1167507
306042 306141
306108 306207
736230 736329
1601160 1601259
1601226 1601325
1168002 1168101
306504 306603
736692 736791
1168134 1168233
1601556 1601655
306834 306933
1601622 1601721
306900 306999
306966 307065
1601886 1601985
737220 737319
1168662 1168761
307296 307395
307362 307461
737484 737583
1602282 1602381
737616 737715
307560 307659
1169058 1169157
1602348 1602447
1602414 1602513
307692 307791
1602480 1602579
1602612 1602711
737946 738045
1169388 1169487
1602678 1602777
307956 308055
738144 738243
308088 308187
308154 308253
308352 308451
1603338 1603437
1170114 1170213
1603404 1603503
308748 308847
1170312 1170411
1170378 1170477
308880 308979
1603668 1603767
739002 739101
1170576 1170675
309078 309177
309144 309243
739266 739365
1604130 1604229
739464 739563
1604394 1604493
739794 739893
1171236 1171335
309804 309903
310068 310167
1171566 1171665
1171632 1171731
740454 740553
1171830 1171929
310398 310497
740586 740685
1605318 1605417
740850 740949
310926 311025
311124 311223
741246 741345
311190 311289
1605978 1606077
311388 311487
1606242 1606341
1173018 1173117
741708 741807
1173150 1173249
311718 311817
741840 741939
1173216 1173315
1606506 1606605
311850 311949
1173480 1173579
1173678 1173777
1607034 1607133
1173876 1173975
1607298 1607397
1174140 1174239
1607430 1607529
742830 742929
1607496 1607595
1174338 1174437
1607628 1607727
743160 743259
1607892 1607991
743292 743391
743556 743655
743622 743721
1608420 1608519
1608552 1608651
314094 314193
1608816 1608915
1175592 1175691
314358 314457
744480 744579
1175922 1176021
314556 314655
744876 744975
1609608 1609707
1176384 1176483
1176582 1176681
1610004 1610103
1610136 1610235
1176978 1177077
745668 745767
745734 745833
315678 315777
1610400 1610499
315744 315843
1610466 1610565
1177242 1177341
315876 315975
315942 316041
316140 316239
316272 316371
746394 746493
1177770 1177869
316404 316503
1178100 1178199
1611390 1611489
746790 746889
1611456 1611555
1611720 1611819
1611786 1611885
747252 747351
317196 317295
747450 747549
317394 317493
317460 317559
1179156 1179255
1179420 1179519
317988 318087
1612644 1612743
1179486 1179585
748242 748341
748440 748539
1179816 1179915
1180080 1180179
318648 318747
748968 749067
319044 319143
749166 749265
1180608 1180707
749298 749397
1180806 1180905
749562 749661
1181070 1181169
1181136 1181235
1614426 1614525
749892 749991
319902 320001
750090 750189
320034 320133
750156 750255
1181598 1181697
1614822 1614921
1181928 1182027
750684 750783
750882 750981
1615482 1615581
1615614 1615713
1182522 1182621
321090 321189
1615812 1615911
1615944 1616043
751410 751509
1616010 1616109
1182984 1183083
1183116 1183215
1616340 1616439
1183248 1183347
1183380 1183479
321882 321981
1616604 1616703
1183512 1183611
1616802 1616901
752202 752301
1616934 1617033
752334 752433
322278 322377
752400 752499
752598 752697
1184040 1184139
1184106 1184205
1184172 1184271
1617396 1617495
322674 322773
322872 322971
1617660 1617759
753060 753159
1184502 1184601
753126 753225
1184964 1185063
1185030 1185129
1185096 1185195
323664 323763
753852 753951
1618650 1618749
323928 324027
1618716 1618815
324192 324291
754314 754413
1619112 1619211
754512 754611
1185954 1186053
1186020 1186119
1619244 1619343
324654 324753
1619442 1619541
1619508 1619607
1619640 1619739
1186482 1186581
755172 755271
1619838 1619937
325116 325215
1619970 1620069
1620102 1620201
325446 325545
1620300 1620399
325644 325743
755766 755865
1187208 1187307
1620432 1620531
325710 325809
755832 755931
755898 755997
1187340 1187439
325974 326073
1620696 1620795
1187604 1187703
1620894 1620993
1621026 1621125
326304 326403
1621092 1621191
756492 756591
1188000 1188099
1621290 1621389
1188066 1188165
1621554 1621653
756954 757053
1621620 1621719
1188462 1188561
1188528 1188627
1188594 1188693
327228 327327
327294 327393
1188792 1188891
757416 757515
1622082 1622181
327360 327459
757548 757647
1189056 1189155
1189122 1189221
757746 757845
1189188 1189287
757944 758043
1622676 1622775
1622808 1622907
328218 328317
1189716 1189815
1189914 1190013
1623336 1623435
758736 758835
758868 758967
759132 759231
329010 329109
759264 759363
1623996 1624095
1624062 1624161
1624260 1624359
759792 759891
1624590 1624689
1191366 1191465
1191498 1191597
1624788 1624887
760122 760221
1624920 1625019
330000 330099
330066 330165
760782 760881
1192224 1192323
1192290 1192389
330198 330297
1192422 1192521
330396 330495
761244 761343
1625910 1626009
330660 330759
1192752 1192851
761574 761673
1193016 1193115
761706 761805
1193148 1193247
761772 761871
1193346 1193445
1193412 1193511
1626636 1626735
762102 762201
1626834 1626933
762234 762333
1193676 1193775
331650 331749
1626966 1627065
331716 331815
331782 331881
762432 762531
331848 331947
1193940 1194039
1627164 1627263
331980 332079
1194138 1194237
762762 762861
1194204 1194303
1627428 1627527
1627494 1627593
332244 332343
762960 763059
1194402 1194501
763092 763191
1627758 1627857
332640 332739
1194798 1194897
763488 763587
1194996 1195095
1628220 1628319
763686 763785
763752 763851
1195392 1195491
1628616 1628715
764148 764247
333564 333663
333630 333729
1195656 1195755
1195788 1195887
333828 333927
334092 334191
1196382 1196481
1196448 1196547
765072 765171
334488 334587
334752 334851
1629936 1630035
1196778 1196877
334818 334917
1630002 1630101
1196910 1197009
1630134 1630233
1197042 1197141
335082 335181
1630332 1630431
765798 765897
335280 335379
1197306 1197405
335346 335445
1197372 1197471
1197438 1197537
766062 766161
1630662 1630761
1197504 1197603
766128 766227
1197570 1197669
335610 335709
766392 766491
1631058 1631157
766458 766557
1631124 1631223
1631190 1631289
766656 766755
1631388 1631487
1198296 1198395
767250 767349
1198692 1198791
336798 336897
336864 336963
1632048 1632147
1632114 1632213
1199022 1199121
337128 337227
337260 337359
767844 767943
1199352 1199451
767976 768075
1199418 1199517
337458 337557
768042 768141
1199616 1199715
1199682 1199781
337986 338085
1200012 1200111
768372 768471
338316 338415
1200540 1200639
338580 338679
768834 768933
338646 338745
338976 339075
1634226 1634325
339042 339141
1201068 1201167
769296 769395
1634292 1634391
339174 339273
1201266 1201365
339372 339471
1201398 1201497
1634886 1634985
1635084 1635183
1635216 1635315
340296 340395
1635546 1635645
1635612 1635711
340494 340593
1635744 1635843
340626 340725
1202586 1202685
770880 770979
1635942 1636041
1202850 1202949
771276 771375
341088 341187
341154 341253
771408 771507
1636404 1636503
1636470 1636569
1203378 1203477
771672 771771
771738 771837
1636734 1636833
771804 771903
1636866 1636965
341748 341847
772002 772101
1203840 1203939
772398 772497
772530 772629
772662 772761
1637658 1637757
1204500 1204599
772794 772893
342804 342903
343002 343101
1204962 1205061
1638252 1638351
343068 343167
343200 343299
773520 773619
343398 343497
1638648 1638747
1205424 1205523
1638714 1638813
1205490 1205589
773850 773949
1205622 1205721
774048 774147
343992 344091
344124 344223
1639374 1639473
1206150 1206249
1639440 1639539
774510 774609
344322 344421
1639770 1639869
1206546 1206645
1206744 1206843
1640100 1640199
1207008 1207107
1207074 1207173
1207140 1207239
775566 775665
1640694 1640793
775764 775863
775830 775929
775896 775995
775962 776061
1207734 1207833
1641024 1641123
1641090 1641189
345972 346071
776358 776457
346170 346269
1208262 1208361
776622 776721
346500 346599
1208460 1208559
1641750 1641849
346764 346863
1208724 1208823
1642080 1642179
1208922 1209021
347028 347127
777414 777513
1642344 1642443
347226 347325
1642542 1642641
1642608 1642707
1209384 1209483
777876 777975
1642806 1642905
1209582 1209681
778074 778173
778206 778305
778272 778371
778338 778437
1643664 1643763
1210440 1210539
348744 348843
1210704 1210803
1643994 1644093
1644126 1644225
349008 349107
779262 779361
1210968 1211067
779526 779625
1644654 1644753
779790 779889
779856 779955
779988 780087
349800 349899
780054 780153
1645050 1645149
780186 780285
780318 780417
350130 350229
1212024 1212123
780450 780549
780516 780615
350328 350427
1212222 1212321
1212288 1212387
1212354 1212453
350526 350625
780846 780945
1645776 1645875
350658 350757
780978 781077
1212750 1212849
1212816 1212915
1646106 1646205
350988 351087
1212882 1212981
1212948 1213047
351120 351219
1213014 1213113
351252 351351
1213212 1213311
781902 782001
351648 351747
1213608 1213707
351846 351945
782562 782661
352770 352869
352902 353001
1648086 1648185
783420 783519
1648482 1648581
1215258 1215357
1215324 1215423
783750 783849
1215456 1215555
783816 783915
1215588 1215687
353760 353859
784146 784245
354222 354321
1216050 1216149
1216182 1216281
1216446 1216545
354684 354783
1216578 1216677
785070 785169
355080 355179
1216908 1217007
355278 355377
355344 355443
785730 785829
1651122 1651221
1217832 1217931
1217898 1217997
356136 356235
356202 356301
356466 356565
1218294 1218393
786786 786885
356862 356961
1652112 1652211
787182 787281
1652178 1652277
1652376 1652475
1219020 1219119
357258 357357
1652442 1652541
1652508 1652607
787578 787677
357456 357555
787776 787875
1652838 1652937
1219548 1219647
787974 788073
1219614 1219713
1653036 1653135
357984 358083
1219944 1220043
1653366 1653465
1653432 1653531
1220076 1220175
1220142 1220241
788700 788799
358710 358809
1653894 1653993
1654026 1654125
1220670 1220769
358974 359073
1220736 1220835
789162 789261
359106 359205
359238 359337
359370 359469
789624 789723
789690 789789
789756 789855
789822 789921
789888 789987
1221594 1221693
1221660 1221759
1655214 1655313
1655280 1655379
1221924 1222023
360426 360525
1222188 1222287
1655676 1655775
1655742 1655841
1655874 1655973
360888 360987
360954 361053
1656204 1656303
1223112 1223211
1656600 1656699
791538 791637
361482 361581
1223310 1223409
361614 361713
791868 791967
1656996 1657095
792000 792099
361878 361977
1223706 1223805
1223772 1223871
792132 792231
1657260 1657359
1223838 1223937
1223904 1224003
362142 362241
362340 362439
1224168 1224267
1657788 1657887
792726 792825
362670 362769
362868 362967
793056 793155
1658316 1658415
1658382 1658481
363198 363297
793584 793683
1224432 1224531
793650 793749
793716 793815
1224630 1224729
1224696 1224795
363726 363825
1658976 1659075
794046 794145
363858 363957
1224894 1224993
1659174 1659273
364056 364155
794310 794409
1225224 1225323
1225422 1225521
364650 364749
1225686 1225785
1225818 1225917
795036 795135
1660230 1660329
1225884 1225983
365244 365343
1660560 1660659
1226214 1226313
1226412 1226511
1661022 1661121
795696 795795
365706 365805
1226742 1226841
1661220 1661319
365838 365937
1227006 1227105
1227072 1227171
1661550 1661649
796290 796389
1227336 1227435
796554 796653
1662012 1662111
1227732 1227831
796752 796851
1227798 1227897
796818 796917
367026 367125
1662474 1662573
1228128 1228227
367224 367323
797280 797379
1228326 1228425
1662738 1662837
1228392 1228491
797676 797775
797874 797973
1663266 1663365
797940 798039
1663332 1663431
798006 798105
1663398 1663497
368082 368181
368148 368247
368412 368511
1229448 1229547
798468 798567
1229646 1229745
1664190 1664289
798798 798897
368874 368973
368940 369039
369006 369105
1230042 1230141
799062 799161
369138 369237
799128 799227
1230174 1230273
799194 799293
369336 369435
799590 799689
1230768 1230867
1665312 1665411
800250 800349
800316 800415
800382 800481
1231428 1231527
1665840 1665939
1231494 1231593
370524 370623
1666104 1666203
800712 800811
1231758 1231857
1666170 1666269
1231824 1231923
1231956 1232055
800976 801075
1232022 1232121
1232220 1232319
1232286 1232385
801372 801471
1666830 1666929
371448 371547
371514 371613
801636 801735
371712 371811
1232748 1232847
1232880 1232979
1667358 1667457
371976 372075
1667424 1667523
1233144 1233243
1667556 1667655
1667622 1667721
372306 372405
1667754 1667853
1233408 1233507
1233474 1233573
1667886 1667985
372570 372669
802626 802725
1233672 1233771
1668150 1668249
802758 802857
1668216 1668315
1668348 1668447
1234068 1234167
803154 803253
373296 373395
1668744 1668843
1668810 1668909
373494 373593
803484 803583
373758 373857
373956 374055
374022 374121
1235058 1235157
1235124 1235223
804012 804111
1670262 1670361
804606 804705
1236048 1236147
1670526 1670625
1670592 1670691
375210 375309
1670658 1670757
1236510 1236609
1671054 1671153
375606 375705
1236708 1236807
1236840 1236939
805662 805761
1671582 1671681
1237170 1237269
376200 376299
805860 805959
1237368 1237467
1671846 1671945
805992 806091
1237500 1237599
1237632 1237731
1237698 1237797
1672308 1672407
1672374 1672473
376992 377091
806586 806685
377058 377157
806652 806751
377190 377289
377256 377355
1672704 1672803
806850 806949
377388 377487
1672836 1672935
806982 807081
807114 807213
1673100 1673199
807312 807411
1673232 1673331
1238952 1239051
378048 378147
1673496 1673595
1239150 1239249
1673562 1673661
378180 378279
1239348 1239447
1673826 1673925
807972 808071
378576 378675
1674024 1674123
378642 378741
378708 378807
1239744 1239843
1239810 1239909
1239876 1239975
378906 379005
379170 379269
1674618 1674717
379302 379401
1674816 1674915
379434 379533
1674882 1674981
1674948 1675047
1240668 1240767
1240734 1240833
809292 809391
1675212 1675311
379830 379929
380028 380127
1675476 1675575
809622 809721
1241130 1241229
380160 380259
809754 809853
380226 380325
809820 809919
1675740 1675839
1241328 1241427
1241394 1241493
1241460 1241559
1676466 1676565
381018 381117
1676532 1676631
381084 381183
1676598 1676697
1242252 1242351
1676730 1676829
1242318 1242417
810942 811041
1242450 1242549
1676994 1677093
381546 381645
381612 381711
811272 811371
1677324 1677423
381876 381975
811470 811569
1677390 1677489
381942 382041
1243044 1243143
811602 811701
811668 811767
1677720 1677819
811866 811965
1677786 1677885
1677852 1677951
382536 382635
1678182 1678281
1678314 1678413
1678380 1678479
812658 812757
1678578 1678677
383328 383427
1244562 1244661
1244628 1244727
383658 383757
383724 383823
383790 383889
1679238 1679337
1679304 1679403
383922 384021
813516 813615
813648 813747
1245288 1245387
813846 813945
813912 814011
1245486 1245585
814044 814143
814110 814209
1245684 1245783
1680096 1680195
384780 384879
384912 385011
814506 814605
1680426 1680525
385110 385209
1246146 1246245
814836 814935
1680756 1680855
385506 385605
815034 815133
1246608 1246707
1246674 1246773
815232 815331
815364 815463
815496 815595
386034 386133
386166 386265
1681548 1681647
386232 386331
1681614 1681713
1247400 1247499
1247532 1247631
816090 816189
1682010 1682109
387024 387123
1682472 1682571
387156 387255
387222 387321
1682604 1682703
816750 816849
387288 387387
1682670 1682769
1248390 1248489
817014 817113
817080 817179
1683132 1683231
817410 817509
387948 388047
1248984 1249083
1683396 1683495
1249050 1249149
817608 817707
388212 388311
817740 817839
388278 388377
817806 817905
1683792 1683891
817938 818037
1683924 1684023
388608 388707
388740 388839
1684254 1684353
818400 818499
818466 818565
818532 818631
1250238 1250337
389268 389367
818730 818829
1684716 1684815
1684848 1684947
818994 819093
389532 389631
389664 389763
1685046 1685145
1250766 1250865
819324 819423
819588 819687
1251426 1251525
1251492 1251591
819984 820083
1685970 1686069
820116 820215
1686366 1686465
1252020 1252119
391050 391149
820512 820611
1686498 1686597
820578 820677
391248 391347
391314 391413
1252350 1252449
391380 391479
820974 821073
821040 821139
821238 821337
1687224 1687323
1252878 1252977
821304 821403
1687356 1687455
1687422 1687521
392106 392205
1253274 1253373
821700 821799
821832 821931
1253472 1253571
821898 821997
1688016 1688115
1688082 1688181
1253868 1253967
392898 392997
822426 822525
822492 822591
1688478 1688577
393228 393327
822624 822723
822954 823053
1254594 1254693
823416 823515
823614 823713
1689666 1689765
823746 823845
394416 394515
823812 823911
824076 824175
394746 394845
394878 394977
1255848 1255947
824274 824373
395208 395307
1256178 1256277
395274 395373
395340 395439
1256442 1256541
1690920 1691019
1256640 1256739
825132 825231
825264 825363
396000 396099
396066 396165
825528 825627
396198 396297
1257234 1257333
825660 825759
396396 396495
1691844 1691943
825858 825957
396462 396561
396594 396693
396726 396825
826518 826617
397254 397353
1258290 1258389
1692702 1692801
1692768 1692867
1258422 1258521
1258488 1258587
827178 827277
1693164 1693263
827376 827475
1693362 1693461
1693428 1693527
1693494 1693593
398112 398211
1693692 1693791
398376 398475
1259544 1259643
1259610 1259709
828036 828135
1694088 1694187
1260006 1260105
1694748 1694847
399498 399597
1260930 1261029
400092 400191
829620 829719
1261260 1261359
1261392 1261491
1695342 1695441
400290 400389
1261458 1261557
1261524 1261623
830082 830181
1261590 1261689
1261656 1261755
830412 830511
1696002 1696101
830478 830577
830610 830709
1262118 1262217
401148 401247
1262184 1262283
401412 401511
401478 401577
401544 401643
831138 831237
1262580 1262679
401610 401709
831402 831501
401940 402039
831534 831633
1263042 1263141
1697190 1697289
831798 831897
1697520 1697619
1263438 1263537
402468 402567
1263504 1263603
1263570 1263669
1697718 1697817
1263702 1263801
1697916 1698015
402996 403095
1698180 1698279
832722 832821
1264230 1264329
1264296 1264395
1698642 1698741
1264560 1264659
1698840 1698939
403788 403887
1699170 1699269
1699236 1699335
404382 404481
1265352 1265451
1699566 1699665
834306 834405
404778 404877
1700490 1700589
1266408 1266507
1700556 1700655
405636 405735
1700688 1700787
405702 405801
1266870 1266969
1267134 1267233
1267266 1267365
406428 406527
1701480 1701579
836022 836121
406560 406659
1267596 1267695
1701942 1702041
406956 407055
1702008 1702107
407022 407121
1702074 1702173
1702140 1702239
1268124 1268223
1702272 1702371
407352 407451
1702470 1702569
1702536 1702635
407550 407649
1268586 1268685
837210 837309
407814 407913
1702866 1702965
1702932 1703031
1702998 1703097
408012 408111
408078 408177
408144 408243
1269114 1269213
837672 837771
1703394 1703493
408540 408639
838068 838167
1703724 1703823
838332 838431
1703922 1704021
838398 838497
838464 838563
838860 838959
1704714 1704813
839256 839355
1270698 1270797
839454 839553
1270962 1271061
1271028 1271127
409860 409959
1705176 1705275
409926 410025
410190 410289
1705506 1705605
1271490 1271589
410256 410355
1705572 1705671
840246 840345
1705704 1705803
410586 410685
410652 410751
1705968 1706067
410784 410883
1272018 1272117
1706100 1706199
1272084 1272183
411048 411147
1706430 1706529
1272414 1272513
411246 411345
411312 411411
841170 841269
411576 411675
1706958 1707057
1272876 1272975
1273074 1273173
841764 841863
841830 841929
842094 842193
842160 842259
842292 842391
1707750 1707849
1273800 1273899
412764 412863
1274064 1274163
842754 842853
1708212 1708311
1274196 1274295
413160 413259
1708476 1708575
1274460 1274559
413490 413589
1708806 1708905
1274724 1274823
413622 413721
1274790 1274889
413688 413787
413754 413853
1709004 1709103
1274988 1275087
1275054 1275153
843810 843909
1275120 1275219
414018 414117
1709268 1709367
843942 844041
1275318 1275417
414216 414315
844074 844173
1275450 1275549
414348 414447
1709598 1709697
1709862 1709961
844536 844635
1275846 1275945
844998 845097
1276440 1276539
1276506 1276605
845262 845361
1710720 1710819
845394 845493
1710852 1710951
845460 845559
845658 845757
1276968 1277067
1711116 1711215
1711182 1711281
845790 845889
416064 416163
416130 416229
416196 416295
1711710 1711809
1711842 1711941
416658 416757
846714 846813
846912 847011
1278354 1278453
1278486 1278585
417582 417681
1278684 1278783
847572 847671
1278882 1278981
847638 847737
847704 847803
1713162 1713261
418044 418143
847836 847935
1279146 1279245
418176 418275
1713624 1713723
848364 848463
1279740 1279839
848430 848529
418704 418803
418770 418869
1279872 1279971
1714086 1714185
1280004 1280103
1280070 1280169
848760 848859
419166 419265
848892 848991
419232 419331
1280400 1280499
1714548 1714647
849090 849189
849156 849255
1280532 1280631
419694 419793
1280796 1280895
849486 849585
1715010 1715109
849552 849651
1715076 1715175
420024 420123
420090 420189
1715340 1715439
1715472 1715571
850080 850179
1715736 1715835
1715868 1715967
1716000 1716099
420882 420981
1281984 1282083
850674 850773
1716264 1716363
421080 421179
850806 850905
1282248 1282347
850938 851037
851070 851169
421476 421575
1282578 1282677
851334 851433
1282908 1283007
421938 422037
1283106 1283205
422070 422169
851928 852027
1283436 1283535
1717650 1717749
1717716 1717815
422664 422763
1717848 1717947
852456 852555
1717914 1718013
852522 852621
852588 852687
422928 423027
1284162 1284261
423324 423423
853050 853149
853116 853215
1284558 1284657
423522 423621
853248 853347
1718772 1718871
853380 853479
423720 423819
1718970 1719069
1285020 1285119
853710 853809
1285086 1285185
1285152 1285251
854436 854535
854766 854865
425172 425271
854898 854997
1286472 1286571
425634 425733
855294 855393
1721016 1721115
425898 425997
855756 855855
1721412 1721511
426294 426393
1721610 1721709
426492 426591
426624 426723
1721940 1722039
1287792 1287891
426822 426921
1287858 1287957
1722006 1722105
426888 426987
1287924 1288023
1288122 1288221
427152 427251
856878 856977
1722468 1722567
1288386 1288485
1722798 1722897
1288716 1288815
427944 428043
1288980 1289079
1289046 1289145
857736 857835
428142 428241
857934 858033
428340 428439
858066 858165
858330 858429
1723854 1723953
858396 858495
1289772 1289871
858528 858627
1289904 1290003
1724118 1724217
429000 429099
858660 858759
858726 858825
1290168 1290267
429198 429297
858858 858957
1724448 1724547
429330 429429
858990 859089
1290366 1290465
859122 859221
1724646 1724745
429528 429627
859188 859287
429594 429693
859320 859419
1724844 1724943
429726 429825
859386 859485
1724910 1725009
859518 859617
429924 430023
1725108 1725207
429990 430089
859584 859683
430056 430155
1291092 1291191
430320 430419
859914 860013
1725570 1725669
860046 860145
1291488 1291587
1725636 1725735
860112 860211
860178 860277
430650 430749
860640 860739
1726362 1726461
861102 861201
1726824 1726923
431772 431871
1726956 1727055
1727022 1727121
861630 861729
432102 432201
861696 861795
861762 861861
861828 861927
1293270 1293369
1727616 1727715
1293534 1293633
1293732 1293831
1728012 1728111
862554 862653
1293996 1294095
1728276 1728375
862884 862983
1294326 1294425
1294458 1294557
863148 863247
1294590 1294689
863214 863313
1294722 1294821
1294854 1294953
864072 864171
1295514 1295613
1295976 1296075
1296306 1296405
